25738     	0.5                 	397.746648          	545.14498           	0.7296162719869492  	0.006691258773731291	0.006911762962383003	0.004923191909121541	0.0                 
25761     	0.6666666666666666  	654.5005289999999   	831.7136            	0.7869301752430162  	0.015451135617155826	0.015899173209789317	0.0072809776221802154	0.0                 
25809     	0.6                 	822.7789439999999   	1019.3638480000001  	0.8071494252168141  	0.018630583290674532	0.01923098139776201 	0.0070210038999962004	0.06831202564102562 
25833     	0.6666666666666666  	912.7662169999999   	1109.3511210000001  	0.822792891917941   	0.023843298861645556	0.02457470958143626 	0.008197666055132313	0.051234019230769215
25857     	0.7142857142857143  	1035.7607079999998  	1232.345612         	0.8404790814478104  	0.028242960167774202	0.028982571715832   	0.009173968829898519	0.040987215384615375
25880     	0.75                	1361.3790839999997  	1726.72291          	0.7884178035258707  	0.03241856572647489 	0.033253104790982556	0.011342831901495775	0.03415601282051281 
25928     	0.7                 	1422.7609909999996  	1788.104817         	0.7956809788069598  	0.03236212867924371 	0.03323421988662491 	0.011761333509554033	0.02927658241758241 
25952     	0.7272727272727273  	1555.5711989999995  	1929.3717809999998  	0.8062578785068276  	0.036019994263397005	0.03704058358205113 	0.013203670193379107	0.0583923346153846  
25976     	0.75                	1980.7350449999994  	2470.3062339999997  	0.8018176118159769  	0.04102590978619982 	0.04205843654924558 	0.015419150667321671	0.051904297435897424
26000     	0.7692307692307693  	2062.9913989999995  	2590.523809         	0.7963607174088705  	0.045688340979271644	0.04671427479008304 	0.0175955873482577  	0.04671386769230768 
26058     	0.7333333333333333  	2187.2409049999997  	2721.4781569999996  	0.803695925089139   	0.04702831061014898 	0.04797118190294446 	0.018214029463337795	0.04246715244755244 
26078     	0.75                	2316.7870629999998  	2885.1022029999995  	0.803017328325821   	0.050403392175130735	0.05137703767741562 	0.019851286579718512	0.03892822307692307 
26098     	0.7647058823529411  	2476.4858409999997  	3062.4784149999996  	0.8086541374039367  	0.054305710291649295	0.05526353389041329 	0.021375229240149445	0.035933744378698215
26156     	0.7                 	2580.533095         	3178.337123         	0.8119129579823368  	0.05199718269284841 	0.05282810452036577 	0.019919741388846605	0.04352651008634222 
26176     	0.7142857142857143  	2684.676665         	3282.480693         	0.8178804130440623  	0.05555714936759512 	0.0564058402079907  	0.02068016959151015 	0.04062474274725274 
26196     	0.7272727272727273  	2849.599589         	3472.277265         	0.8206716720820392  	0.05934724101162419 	0.06020788808505593 	0.021444611979967255	0.03889336299221611 
26235     	0.7083333333333334  	3154.857314         	3830.4577120000004  	0.8236241074053657  	0.06087136580916557 	0.061634393227172825	0.02097176919162039 	0.04716258564844741 
26254     	0.72                	3407.701017         	4123.648565         	0.8263800765960762  	0.06509927880661637 	0.06582313090723275 	0.02165491528833942 	0.04454244200131144 
26333     	0.6551724137931034  	4152.977898         	5554.253353         	0.7477112825177242  	0.06282703061601114 	0.06330633521041297 	0.02123771909473024 	0.04219810294861084 
26372     	0.6451612903225806  	4349.448668         	5786.086576         	0.7517081901333791  	0.06573657328920898 	0.06600185801099259 	0.022340796960005384	0.040088197801180295
26392     	0.65625             	4455.948674         	5897.920247999999   	0.755511856151501   	0.07085592859947526 	0.07089888041985944 	0.024070228249010756	0.03817923600112409 
26411     	0.6666666666666666  	4565.576121         	6055.202262999999   	0.7539923395949492  	0.07597637019124094 	0.07582696161249919 	0.02577480827974382 	0.03644381618289118 
26450     	0.6571428571428571  	4650.169113         	6142.393357999999   	0.7570614322418002  	0.07882370462385639 	0.07852636774698558 	0.026601897169257354	0.03485930243580895 
26470     	0.6666666666666666  	5037.503393999999   	6660.305453999999   	0.7563472019101783  	0.0846595701259553  	0.08418996048283622 	0.028293662539065165	0.03340683150098358 
26490     	0.6756756756756757  	5132.704209999999   	6755.506269999999   	0.7597808372695063  	0.09035780151905921 	0.08975542845652948 	0.029940233149015685	0.032070558240944236
26509     	0.6842105263157895  	5290.7651209999985  	6925.796288999999   	0.7639215622618206  	0.09585650231157676 	0.09510680041594431 	0.0314887423477236  	0.03083707523167715 
26568     	0.6585365853658537  	5421.708285999998   	7092.849240999999   	0.7643907408407863  	0.09580277454580591 	0.0949574409202866  	0.03134635930137183 	0.03167605763050393 
26588     	0.6666666666666666  	5472.940240999998   	7144.081195999999   	0.7660803525111557  	0.10017203905309223 	0.09919813235601664 	0.03267634826338832 	0.030544769857985928
26647     	0.6444444444444445  	5547.192136999998   	7218.333091999999   	0.7684865835781244  	0.09977987143208075 	0.09874678989351302 	0.03243987695594251 	0.029491501931848484
26725     	0.6122448979591837  	5672.696060999998   	7350.571423999999   	0.7717353840652917  	0.09776236574640165 	0.09666534595333019 	0.03158743803128373 	0.028508451867453533
26745     	0.62                	6201.898346999998   	8521.833403999999   	0.7277657345529585  	0.1020210219307399  	0.1008143885022104  	0.033383290649983056	0.027588824387858257
26764     	0.6274509803921569  	6331.247551999997   	8696.06627          	0.7280587975555984  	0.1062116813550287  	0.10488777924904387 	0.03516870533029909 	0.026726673625737687
26784     	0.6346153846153846  	6522.852263999997   	9081.901378999999   	0.7182254014652407  	0.11028746893460253 	0.10882483003237124 	0.03709052371988279 	0.025916774424957757
26803     	0.6415094339622641  	6676.422953999998   	9327.328087         	0.7157915848704077  	0.11436844470244709 	0.11278061679840509 	0.039081249921393085	0.02515451635363547 
26921     	0.5932203389830508  	6705.849791999998   	9357.381424         	0.7166374317926916  	0.10835715439480881 	0.10678552413432701 	0.03752513136717857 	0.024435815886388743
26980     	0.5806451612903226  	6773.176737999998   	9424.708369999998   	0.718661678653087   	0.10842687192783874 	0.10680662390916862 	0.03800339956936303 	0.023757043222877944
27097     	0.5606060606060606  	7016.316368999998   	9831.697934999998   	0.7136423856170881  	0.10598080159372697 	0.10435282189715987 	0.03781750397045899 	0.023114960973610973
27121     	0.5671641791044776  	7131.471369999998   	10035.713772        	0.7106092832078431  	0.10814567092376    	0.10644410380410611 	0.03936116841541984 	0.022506672526937   
27243     	0.5416666666666666  	7253.849572999999   	10165.729173        	0.7135591996948037  	0.10427383579215059 	0.10260696407230815 	0.03859704406650461 	0.021929578359579642
27268     	0.547945205479452   	7381.1398549999985  	10293.019455        	0.7171015159613335  	0.10658569148641797 	0.1048670582799871  	0.04001436628436757 	0.02138133890059015 
27292     	0.5540540540540541  	7623.420821999998   	10574.00276         	0.7209588454845456  	0.10919060249323861 	0.10742124948504994 	0.041430114972543515	0.022435542307195966
27317     	0.56                	7752.188764999998   	10739.245611999999  	0.7218559892454389  	0.11138532146683824 	0.10957780887759981 	0.042818392011694364	0.021901362728453205
27341     	0.5657894736842105  	7871.723225999998   	10881.190720999999  	0.7234248004502005  	0.11358118860992265 	0.11171788075887656 	0.04402636299704011 	0.021392028711512433
27365     	0.5714285714285714  	8210.962424999998   	11779.795173999999  	0.6970377925690068  	0.11591302758509951 	0.11400479960517103 	0.04563505145025484 	0.026900446890146888
27439     	0.5625              	8306.775706999997   	11875.608455999998  	0.6994821139293377  	0.1149884884785867  	0.11306244861965276 	0.04553638515571805 	0.026302659181476958
27487     	0.5609756097560976  	8625.958583999996   	12620.419949999998  	0.683492199005628   	0.1153266467115702  	0.11337266477593523 	0.0462531848239215  	0.02772735046738688 
27512     	0.5662650602409639  	8946.262240999997   	13034.966766999998  	0.6863279669917396  	0.11731045010700898 	0.11524510209547821 	0.04747367051855709 	0.02931832781306558 
27560     	0.5647058823529412  	9156.508226999997   	13280.387368999998  	0.6894759898625964  	0.11792145251042364 	0.115782475221548   	0.048137446227594374	0.028707529316960047
27609     	0.5632183908045977  	9245.985234999996   	13388.386739999998  	0.6905974121121032  	0.11861234855980869 	0.11637901254188639 	0.04878363218001206 	0.028121661371715963
27658     	0.5617977528089888  	9371.832222999996   	13555.551049999998  	0.6913649019823503  	0.1183448648324103  	0.11607352236710883 	0.04843563218215405 	0.027559228144281644
27707     	0.5604395604395604  	9401.917930999996   	13585.636757999999  	0.6920483815720754  	0.1178735312723694  	0.11555378579208841 	0.04809105269068302 	0.02701885112184475 
27731     	0.5652173913043478  	9433.173835999996   	13616.892662999999  	0.6927552466967696  	0.11871754236057062 	0.11632663373431208 	0.04828055356347809 	0.026499257831040044
27756     	0.5698924731182796  	9485.652381999997   	13669.371208999999  	0.6939348004357789  	0.1195850518438271  	0.11712595641405261 	0.04846824177305979 	0.025999271834227965
27853     	0.5567010309278351  	10188.149756999997  	14878.963608999999  	0.6847351754283062  	0.11604588261746085 	0.11366631873422074 	0.047353071516803014	0.02551780383729782 
27878     	0.5612244897959183  	10462.756968999998  	15190.890123999998  	0.6887520667712519  	0.11639169008543236 	0.11401131358762437 	0.047655909018768976	0.02505384376752877 
27902     	0.5656565656565656  	10536.261998999998  	15271.171038999997  	0.6899446003251591  	0.1167972046813557  	0.11441221884792599 	0.04795620459922276 	0.02460645370025147 
27975     	0.5588235294117647  	10886.657629999998  	15647.492136999997  	0.6957445662655072  	0.11525583639774055 	0.11289764413458264 	0.04733023545187123 	0.024174761530071618
28000     	0.5631067961165048  	11373.580002999997  	16964.611532        	0.6704297343647537  	0.11624414416225363 	0.11389169252889607 	0.048115208290262265	0.02969905065217805 
28052     	0.5673076923076923  	11522.828342999997  	17254.264004        	0.6678249701249904  	0.11728764179171516 	0.11493403913861885 	0.048976833406590606	0.029195676912310627
28078     	0.5714285714285714  	11613.134033999997  	17348.884099        	0.669387954160659   	0.11825122353945129 	0.11589511260787022 	0.049605423578561125	0.028709082297105448
28131     	0.5700934579439252  	11750.079902999996  	17485.829968        	0.6719772481205222  	0.11807781737688418 	0.11574627146338251 	0.0497666578339606  	0.028238441603710276
28157     	0.5740740740740741  	11933.976192999997  	17707.003178        	0.673969280574102   	0.11919802386965517 	0.11686518919998194 	0.05040405586142023 	0.027782982868166564
28184     	0.5779816513761468  	12034.446845999997  	17807.473831        	0.6758087621080721  	0.12025325547070827 	0.11791740465391368 	0.050983816843370666	0.027341983140100428
28315     	0.5614035087719298  	12141.521938999997  	18002.231534        	0.6744453828442799  	0.11698620485810034 	0.11472264125535689 	0.049724462750106266	0.026914764653536358
28342     	0.5652173913043478  	12217.571638999996  	18078.281234        	0.6758148897486057  	0.1177646805161751  	0.11546974979179063 	0.04985126787432578 	0.02650069135117426 
28368     	0.5689655172413793  	12674.535324999995  	19286.185707999997  	0.6571820637267088  	0.11871032845262099 	0.11639644901015082 	0.05030970441244333 	0.03128512027009586 
28421     	0.5677966101694916  	12795.308999999996  	19432.820660999998  	0.6584380735669054  	0.11870035447464011 	0.11639316274495388 	0.05031388096591371 	0.03081817817651234 
28473     	0.5666666666666667  	13520.093596999995  	20792.529124999997  	0.6502380502016009  	0.11836681762068021 	0.11608279026179208 	0.05042061302641613 	0.030364969673916574
28500     	0.5702479338842975  	13556.492465999996  	20832.739488999996  	0.6507301871248393  	0.11905005611450498 	0.11677220720845072 	0.05094305866453896 	0.02992489764965691 
28552     	0.5691056910569106  	13711.093707999997  	21012.592501999996  	0.6525179464026137  	0.11879334228363327 	0.11653193486438466 	0.0510495402063393  	0.02949739911180467 
28578     	0.5725806451612904  	13874.536802999997  	21230.977156999998  	0.6535043912675244  	0.11963323035822582 	0.11737603236067369 	0.051587416899276685	0.0312625951806525  
28605     	0.576               	13968.784919999996  	21343.668950999996  	0.6544697142777568  	0.12050587234864146 	0.11825229372150599 	0.052129770555531814	0.0308283924698101  
28657     	0.5748031496062992  	14076.224043999997  	21493.725309999994  	0.6548992248193946  	0.12040985556814865 	0.11817386918483357 	0.05225493672424463 	0.030406085723648318
28763     	0.5648854961832062  	14281.445612999996  	21769.169138999994  	0.6560399949952357  	0.11857450386994502 	0.11639234421868098 	0.05163098272951028 	0.029995192673328744
28815     	0.5639097744360902  	14307.278331999996  	21795.001857999996  	0.6564476766377708  	0.11837530620683256 	0.1162090052082733  	0.05174781537290659 	0.029595256771017694
28868     	0.562962962962963   	14852.212683999996  	22696.972903999995  	0.6543697587700129  	0.11834927187591385 	0.11618611549259807 	0.05205520647813259 	0.029205845497714832
28921     	0.5620437956204379  	15084.820473999996  	23177.578411999995  	0.6508367787978212  	0.11818528619965624 	0.116019109158863   	0.05243482523614003 	0.028826548802939313
29120     	0.5379310344827586  	15481.458907999997  	23977.547354999995  	0.645664824629016   	0.11294544060237321 	0.11085517386110771 	0.05077219366633366 	0.02845697766444009 
29140     	0.541095890410959   	15533.132595999998  	24036.852615999996  	0.6462215683620931  	0.11347441620302037 	0.11135997378992384 	0.05164899744731534 	0.02809676275729528 
29160     	0.54421768707483    	15596.101504999997  	24109.479809999997  	0.6468866863950806  	0.11403631195688527 	0.1118967977381799  	0.05251734619928719 	0.027745553222829088
29200     	0.5436241610738255  	15694.363071999996  	24207.741377        	0.648320007537397   	0.1136318150302308  	0.11147459454743419 	0.05267750656734462 	0.027403015528720088
29220     	0.5466666666666666  	15898.964751999996  	24491.438508        	0.6491641863668679  	0.11403304395741924 	0.11184646631387575 	0.05322153452049355 	0.027068832412516185
29240     	0.5496688741721855  	16145.506168999997  	24771.943034        	0.6517658363270075  	0.11458687758396126 	0.11236365145894371 	0.05377075463428329 	0.027524182902448797
29260     	0.5526315789473685  	16302.746645999996  	24968.059509        	0.6529440800204558  	0.11505909745148564 	0.11281837346091447 	0.05415726549185463 	0.027196514058372027
29340     	0.5448717948717948  	16521.246827999996  	25198.785028        	0.6556366431810967  	0.11342664333192118 	0.11121197547510987 	0.053491393208907785	0.02687655506945    
29400     	0.5408805031446541  	16869.069754999997  	25635.601694999998  	0.65803291671091    	0.11248048970320228 	0.11028803843406834 	0.053226377838124735	0.026564036987247096
29420     	0.54375             	17178.604562999997  	26232.640655        	0.6548560927939108  	0.11304302343423636 	0.11083896104993667 	0.05377812500887574 	0.02625870322877299 
29440     	0.546583850931677   	17571.728642        	27243.403555        	0.6449902122737908  	0.11371592304266995 	0.1114936496866456  	0.05452468675115956 	0.02596030887390057 
29460     	0.5493827160493827  	17872.78156         	28092.568693        	0.6362103001443749  	0.11447380071004756 	0.11224352874942105 	0.05548284135852509 	0.02929967137451485 
29540     	0.5421686746987951  	18006.864195        	28233.031404        	0.6377942183158136  	0.11312257608011152 	0.11092760559462364 	0.055409638267876954	0.02897411947035357 
29560     	0.5449101796407185  	18247.098015        	28508.501868        	0.640058116679988   	0.11399296173476614 	0.11180265005300963 	0.05634878509679425 	0.028655722553096938
29620     	0.5411764705882353  	18585.907148        	28912.233424        	0.6428388590890342  	0.11359751765773407 	0.11142149697407    	0.05659906568861376 	0.03020832757551311 
29740     	0.5284090909090909  	19084.951793        	30383.035560999997  	0.6281449973845818  	0.11124826226062319 	0.10912827053746764 	0.055964513440244334	0.029883506848894688
29760     	0.5310734463276836  	19488.919054        	31591.183491999996  	0.6169100647633313  	0.11224373705711713 	0.11012993048529633 	0.05718246155729934 	0.029565597201566023
29860     	0.521978021978022   	19503.721899        	31605.986336999995  	0.6170894871319896  	0.11052569897611453 	0.10844888886677494 	0.057043345251457774	0.029254380388917957
29880     	0.5245901639344263  	19702.449465        	31848.421785999995  	0.6186318932029734  	0.11136478228643976 	0.1092941015985111  	0.058172301017992   	0.02894964725986673 
29920     	0.5243243243243243  	19775.918476000003  	31922.236794999997  	0.6195029064848463  	0.11145228674179519 	0.10941274927911583 	0.05873976630365954 	0.028651197288115528
29960     	0.5240641711229946  	20334.770329000003  	33069.525162        	0.6149096556235579  	0.11169397653326575 	0.10967663974597366 	0.05946482378580305 	0.029441720119691987
29980     	0.526595744680851   	20424.523773000004  	33173.26468         	0.6156923043306572  	0.11257663299335378 	0.11057496052254573 	0.06049983787517065 	0.029144329007371867
30068     	0.5235602094240838  	20561.734987000003  	33332.459988        	0.6168682117792212  	0.11222798840468604 	0.11025755826162861 	0.060849884905539144	0.03135253719877963 
30159     	0.517948717948718   	20762.941257000002  	33770.952612        	0.6148165701912182  	0.11135040210728593 	0.10942641639727381 	0.060940812715790584	0.031042116038395674
30181     	0.5204081632653061  	21110.87439         	34184.768112        	0.6175520723391825  	0.11230271256918231 	0.11040475267695952 	0.06197742934740874 	0.03073778156743101 
30272     	0.515               	21253.451594000002  	34349.835452        	0.6187351792033848  	0.11140794994772463 	0.10955257109828599 	0.06194316348117287 	0.030439356503669544
30295     	0.5174129353233831  	21329.391451000003  	34425.775309        	0.6195762117062276  	0.11221452307329666 	0.11037673135998181 	0.06283996427776087 	0.030146670383441952
30409     	0.5097087378640777  	21442.466770000003  	34578.689263        	0.6201064073572025  	0.11079691155973172 	0.10901070924819826 	0.062329668634446354	0.02985955923693298 
30500     	0.5047619047619047  	21563.652879        	34701.451046        	0.6214049334829075  	0.1099440718592103  	0.10819859615169566 	0.06187560277956758 	0.029577865281867576
30522     	0.5071090047393365  	21790.563517000002  	34986.889846000005  	0.6228208226828508  	0.11076861612336013 	0.10903953972271883 	0.06232987255370082 	0.029301436634373488
30568     	0.5070422535211268  	22318.635997        	35774.59631200001   	0.6238682835818213  	0.11106182445777253 	0.10936085738040961 	0.06244648033558188 	0.029030127035907065
30613     	0.5069767441860465  	22710.343594        	36620.885635000006  	0.6201473066586582  	0.11110320748171479 	0.10944043371815565 	0.06265298218809921 	0.02876379559521067 
30659     	0.5069124423963134  	22881.310884000002  	36834.93736         	0.6211850086881755  	0.11113898436900325 	0.10950789328900601 	0.06281093721281933 	0.02850230654434512 
30681     	0.5091743119266054  	23055.980470000002  	37036.00977800001   	0.6225287391433737  	0.11177023444493686 	0.11015376599724466 	0.06326266318403884 	0.028245529007909578
30750     	0.5067873303167421  	23517.71223         	38280.958706000005  	0.6143449125874146  	0.11138188931860094 	0.10978205438842963 	0.06332170676951658 	0.029870278451291338
30818     	0.5044642857142857  	23891.792133000003  	38958.323792        	0.6132654028073489  	0.11094859939941847 	0.10937529670869268 	0.06331268952595574 	0.029605939703934776
31142     	0.4789915966386555  	24209.590916        	39362.034219        	0.615049282801397   	0.10516492690582459 	0.10370027387309542 	0.060340899151902196	0.03197106044077485 
31265     	0.4713114754098361  	24371.575601        	39524.018904000004  	0.6166269594242475  	0.10333573568380712 	0.10191624476251718 	0.059599901068529394	0.031693051219550725
31306     	0.4715447154471545  	24471.597279        	39648.320210000005  	0.6172164961689306  	0.10320772715529664 	0.10180568958090119 	0.05985582678773208 	0.0315391900883477  
31346     	0.4717741935483871  	24594.812135        	39849.51704200001   	0.6171922261712212  	0.10310626587568758 	0.10172585311790291 	0.06012795761977018 	0.031269624361096864
31387     	0.472               	24975.528877        	40326.62863700001   	0.6193309413940136  	0.10320719198976396 	0.10183361071759162 	0.060419330218049516	0.0310046275444774  
31408     	0.47410358565737054 	25360.771044        	41109.90229400001   	0.6169017591584354  	0.10380413356291457 	0.10243892742111746 	0.06105621511021431 	0.030744084455868348
31530     	0.4669260700389105  	25622.270356        	41443.25844500001   	0.618249416609066   	0.10221809001552207 	0.10088951599552974 	0.06019059835222405 	0.03063665138027457 
31571     	0.4671814671814672  	25686.304488        	41507.29257700001   	0.6188383508837499  	0.10227361311209014 	0.10095991986610295 	0.06028133746133342 	0.03038345591432189 
31591     	0.46923076923076923 	25950.858384000003  	41818.57073700001   	0.6205582334988637  	0.10283304532186158 	0.1015357999403572  	0.060613258419954213	0.03013441119371269 
31632     	0.46946564885496184 	26182.938355000002  	42100.75121300001   	0.6219114291460706  	0.10306197568301952 	0.10178580302430913 	0.06072779614984576 	0.030197269639292267
31653     	0.4714828897338403  	26346.587561        	42345.11134300001   	0.6221872307192623  	0.10370342652496763 	0.10244456901931813 	0.06109906852093452 	0.029953743271233457
31734     	0.4681647940074906  	26439.666717        	42438.56572900001   	0.6230103742392192  	0.10313648653907553 	0.10190572784499081 	0.06067326132156414 	0.02971411332506359 
31836     	0.4632352941176471  	26882.358728        	42964.914779000006  	0.6256816489983895  	0.10220030732392638 	0.10099732322037984 	0.06006519802147876 	0.029478287028832924
31918     	0.4601449275362319  	27203.523236999998  	43309.45014200001   	0.6281198017478167  	0.10170227638335812 	0.10052304796521594 	0.059602468229646474	0.029246174532542902
32133     	0.45229681978798586 	27339.227346999996  	43493.22702600001   	0.6285858561531146  	0.09994905701769034 	0.09882421220633199 	0.05850861325314857 	0.02945505086297293 
32166     	0.45422535211267606 	27494.638839999996  	43656.90743700001   	0.6297889716461638  	0.10043908091051168 	0.09933759677510473 	0.05868815643755863 	0.029226717135352985
32200     	0.45614035087719296 	27600.356475999997  	43860.47463300001   	0.6292762836459109  	0.10095496232768505 	0.09987725676970356 	0.05888459962463203 	0.02900189623431181 
32266     	0.4564459930313589  	27900.561278999998  	44515.55758600001   	0.626759784488797   	0.10109460401522502 	0.10004803774617498 	0.05891317656966049 	0.028780507713439197
32300     	0.4583333333333333  	28012.851045        	44666.66739400001   	0.6271533713921741  	0.10161940033230134 	0.10060494423078947 	0.059156905429774996	0.028602238715610115
32366     	0.4586206896551724  	28116.064444        	44775.38811500001   	0.627935694756847   	0.10182114787267646 	0.10084020955088283 	0.05919691495582803 	0.028387184289176956
32433     	0.4589041095890411  	28337.622434        	45123.26204600001   	0.6280047396642507  	0.1020597374310532  	0.10111217490847413 	0.059270540391001006	0.0281753396303025  
32466     	0.46075085324232085 	28537.437756        	45372.15870900001   	0.6289636325004594  	0.102711879409133   	0.10178832459508956 	0.059557298795779895	0.028643369707115073
32533     	0.4610169491525424  	28782.856389        	45617.57734200001   	0.6309597761672381  	0.10306408746264964 	0.10216900861794358 	0.05965703487035183 	0.028432756694562758
32800     	0.4521452145214521  	28967.35483         	45878.85373000001   	0.6313879374684193  	0.101209311450355   	0.10034841327391042 	0.05855981474030619 	0.028225218324529452
32833     	0.45394736842105265 	29378.131294        	46362.11861000001   	0.6336667127128078  	0.1017319229827104  	0.10087144609639127 	0.05878648455844062 	0.0280206877569604  
32900     	0.4542483660130719  	29616.948306        	46600.93562200001   	0.6355440703215843  	0.10176790061779478 	0.10091917097214066 	0.05875438855850152 	0.02781910007525565 
32933     	0.4560260586319218  	30094.970228        	47271.01282000001   	0.6366474596725171  	0.10219396505728165 	0.10136028089571388 	0.05895981869727415 	0.02762039221757525 
33041     	0.45483870967741935 	30191.075926999998  	47497.316818000014  	0.6356375043812689  	0.10186210184732707 	0.10103856087916972 	0.05879099604599514 	0.027424502911067624
33062     	0.4565916398713826  	30247.607589        	47553.848480000015  	0.6360706558107785  	0.1021917152135952  	0.10137322630797806 	0.0590057263356879  	0.027231372608877008
33083     	0.4583333333333333  	30309.827256        	47616.06814700001   	0.6365462003798319  	0.10245655982188184 	0.10164511286798346 	0.05920613631621826 	0.027040943429793952
33145     	0.45714285714285713 	30563.839998        	47892.043736000014  	0.6381819946227402  	0.10214499346030376 	0.1013443053652024  	0.0590330180736673  	0.026853159100420382
33187     	0.45741324921135645 	30963.745355        	48940.20823200001   	0.632685198399995   	0.10217562695632645 	0.10138071275516719 	0.059132170814525424	0.029399171502809265
33208     	0.4591194968553459  	31135.046352999998  	49309.85032200001   	0.6314163630528976  	0.10254639555481337 	0.10175333397205964 	0.05944997649178312 	0.029197807314433857
33250     	0.459375            	31297.116662999997  	49532.86815800001   	0.6318454357048013  	0.10264938587082695 	0.10186792784527646 	0.05958908561597768 	0.030731201071853852
33291     	0.45962732919254656 	31634.495858        	49918.772396000015  	0.6337194273738764  	0.1028116627104169  	0.10204659168011328 	0.059598327667344665	0.03052355782136835 
33395     	0.45565749235474007 	31878.430548999997  	50308.36411700001   	0.6336606468630483  	0.10192352462785838 	0.10118506536814306 	0.05904449453471078 	0.03031870172860749 
33416     	0.4573170731707317  	32188.620381999997  	51060.27107200001   	0.6304044163144155  	0.10233815843480144 	0.10161428782198859 	0.05929042575749816 	0.030116577050416773
33458     	0.4575757575757576  	32284.301336999997  	51177.49567400001   	0.6308300340182837  	0.10247741791258136 	0.10177167403797541 	0.0593596338944904  	0.02991712952028156 
33500     	0.4578313253012048  	32337.771776999998  	51248.89491300001   	0.6309945186505292  	0.10261192155513874 	0.10192520995692007 	0.059410073512954166	0.03062160538882222 
33541     	0.45808383233532934 	32473.469308999996  	51405.793778000014  	0.6317083527440358  	0.10271735525604805 	0.10205491076185878 	0.059369182360641606	0.030421464177130573
33583     	0.4583333333333333  	32853.415892        	52378.991127000016  	0.6272250607565618  	0.1028927683383988  	0.10225028048847033 	0.0594225345559574  	0.03199734510883475 
33625     	0.45857988165680474 	33010.368472999995  	52564.176882000014  	0.6280012440241218  	0.10311681944993054 	0.10250060372034063 	0.05947790163138713 	0.03179091062426163 
33666     	0.4588235294117647  	33391.733956        	53144.154077000014  	0.6283237457805624  	0.10330599677218495 	0.10271484259451168 	0.05950205898493785 	0.03158712273564456 
33708     	0.4590643274853801  	34079.952669        	54327.17511100001   	0.6273094928894911  	0.10343667669191894 	0.10287555909923211 	0.05959583541256443 	0.031385930871086314
33770     	0.4579710144927536  	34297.769089        	54936.299645000014  	0.6243188804239309  	0.1032338030773853  	0.10269890363233969 	0.059569704759749924	0.03238142722105834 
33875     	0.4542857142857143  	34475.905156        	55131.54679600002   	0.6253389784902851  	0.10240942104812036 	0.10189554674290217 	0.059182634288779894	0.03217777044608313 
33895     	0.45584045584045585 	34604.129812        	55266.78164800002   	0.6261289110771343  	0.10273081955598926 	0.10223784573294495 	0.05938870578864541 	0.031976659380795115
33937     	0.45609065155807366 	34817.251337        	55492.43733900002   	0.6274233572460238  	0.10279421338169191 	0.10231731669223879 	0.05942489513745339 	0.03177804658961005 
33958     	0.4576271186440678  	34952.083228        	55640.43230700002   	0.6281777796971348  	0.10318982698141688 	0.1027267788224472  	0.05963119500935583 	0.031581885808192704
34065     	0.4553072625698324  	35162.447627        	55873.50616400002   	0.6293223755064005  	0.10267528408689054 	0.1022226193204709  	0.05933141411118059 	0.03138813190752895 
34108     	0.45555555555555555 	35826.745492        	57283.82160400002   	0.6254251984036325  	0.10277681767020985 	0.10233074799524766 	0.059459927089242956	0.031196740859312306
34173     	0.45454545454545453 	35978.088234        	57479.22063300002   	0.6259320818512322  	0.10245906540245753 	0.10201403649707863 	0.05941346827315613 	0.0310076697025892  
34195     	0.45604395604395603 	36014.281451        	57515.41385000002   	0.6261674747733731  	0.10270979008056959 	0.10226350336771395 	0.059695434257571574	0.03189587115685741 
34304     	0.45257452574525747 	36387.544703        	58229.62571500002   	0.6248974513608547  	0.10185292620434283 	0.10140807825082072 	0.059289240461845055	0.03170487791639718 
34347     	0.4528301886792453  	36534.648963        	58418.03259800002   	0.6254001947379992  	0.10183105428403676 	0.10138254052705505 	0.0593757193131447  	0.03151615840499006 
34391     	0.45308310991957107 	36742.8734          	58959.09166500002   	0.6231926639706311  	0.10183087177178327 	0.10138087152227145 	0.05950107957506945 	0.03132967226058183 
34413     	0.45454545454545453 	36876.191934999995  	59092.41020000002   	0.6240427799473981  	0.10202762518716821 	0.10157373646342072 	0.0595896759389659  	0.031145380070813702
34434     	0.456               	37377.97225399999   	59841.47601700002   	0.6246164824440744  	0.1021905939621638  	0.10173046840950138 	0.05963892668788649 	0.030963243345253386
34521     	0.45382585751978893 	37458.061473999995  	59924.673151000025  	0.6250857869447536  	0.10147777385769718 	0.10102139013891093 	0.059209196042695506	0.030783224488594937
34630     	0.4505208333333333  	37668.365697999994  	60175.926160000025  	0.6259706846529403  	0.10051151755025615 	0.10005587772908837 	0.058607448240249514	0.03060528677478803 
34652     	0.45194805194805193 	38032.456246999995  	60787.56593400003   	0.6256617724798136  	0.10063341174754661 	0.10017077594097827 	0.058665097956500545	0.030429394322059364
34695     	0.45219638242894056 	38106.992807999995  	60865.95211000003   	0.6260806162882511  	0.10051029859558874 	0.10004217990870258 	0.05857120798129018 	0.030255512068790454
34717     	0.4536082474226804  	38287.549396999995  	61079.25350800003   	0.6268503165642844  	0.1006946112024353  	0.1002214685652486  	0.05863353820840491 	0.030216910884897915
34739     	0.455012853470437   	38445.148353        	61267.92594400003   	0.6274922442803033  	0.10092106566860683 	0.1004469596005205  	0.0586988420183189  	0.030046193874248773
34760     	0.4564102564102564  	38483.588157        	61306.36574800003   	0.6277258109734783  	0.10115727335274233 	0.10068165580383825 	0.05876465081633609 	0.02987739503225861 
34804     	0.45663265306122447 	38622.494502        	61623.071869000036  	0.6267538006561038  	0.10114701009211946 	0.1006705158881897  	0.05870652739193931 	0.029710482210849345
34826     	0.4580152671755725  	38669.625831000005  	61670.20319800004   	0.6270390533147142  	0.10141112869613554 	0.10093268322869876 	0.058798913292529356	0.029545423976344628
34934     	0.4547738693467337  	38967.56538100001   	62052.21013500004   	0.62798029749823    	0.10055097384044458 	0.10008062403589789 	0.05822919323371799 	0.029382189589734986
35176     	0.4482758620689655  	39175.30695500001   	62283.31621900004   	0.6289855668129832  	0.09890511090656791 	0.0984490781141656  	0.057239809506891066	0.029220748987593588
35205     	0.44963144963144963 	39602.09824100001   	62936.32612900004   	0.6292407052777109  	0.09903917177312592 	0.09858368375114335 	0.05729037740323458 	0.029061072763617666
35235     	0.45098039215686275 	39696.837384000006  	63054.34237500004   	0.6295654809610562  	0.09914160755096335 	0.09868397272254133 	0.05731683376929156 	0.028903132150771917
35264     	0.45232273838630804 	39734.74105700001   	63093.485060000035  	0.6297756578070374  	0.0992488167823417  	0.09878950178358235 	0.0573437386570422  	0.02874689900401099 
35323     	0.45255474452554745 	40344.68851500001   	64420.76466000004   	0.6262683892054253  	0.09913142202621389 	0.0986696961140704  	0.057323247553159054	0.03027635367649    
35352     	0.4538834951456311  	40527.48767300001   	64773.89353600004   	0.6256762633926837  	0.09926613863671846 	0.09879889641457931 	0.057467502144425205	0.03011444804185636 
35470     	0.4519230769230769  	40709.90763900001   	65042.85536400004   	0.6258936113916695  	0.09867704017185132 	0.09820825888097241 	0.05720817426823699 	0.02995426480759117 
35500     	0.45323741007194246 	40829.11497100001   	65182.61304400004   	0.6263804573688883  	0.09883265013165023 	0.09835782983366168 	0.05736693927828257 	0.029795776634006028
35558     	0.45346062052505964 	41033.48422400001   	65427.58286500004   	0.6271587979746466  	0.0988054761229296  	0.09832758847233873 	0.057394747989105675	0.029638956756984945
35588     	0.45476190476190476 	41464.555764000004  	66296.32785400005   	0.6254427221868851  	0.09903235406844953 	0.09854972372129052 	0.057588925845728105	0.02992237360363992 
35647     	0.4549763033175355  	41580.930138        	66412.70222800005   	0.6260990554976875  	0.09897224897670139 	0.09848517403013823 	0.057554552278841896	0.029766527907787627
35735     	0.4541176470588235  	41738.062263        	66742.35398300005   	0.625360955558012   	0.09870521348783047 	0.09821455859846706 	0.05740713630395626 	0.029612297193239507
35764     	0.45539906103286387 	42075.203849        	67151.16266100005   	0.6265744654550318  	0.09896798615929073 	0.09847317396157482 	0.057541092864298975	0.030410880044668017
35794     	0.4566744730679157  	42175.78653         	67386.32863000005   	0.6258804625130379  	0.09921666600439888 	0.09871874790109168 	0.05768381555803331 	0.03025492681366972 
35823     	0.45794392523364486 	42533.378974        	68311.70319700005   	0.6226367808652131  	0.09951529736138993 	0.09900980727212008 	0.057896079905539535	0.03160536129475499 
35852     	0.4592074592074592  	42703.86085         	68772.42061300005   	0.6209445657046959  	0.09982789360556855 	0.0993095445741911  	0.058145094089115876	0.03144834444835111 
35911     	0.4593967517401392  	42930.481463        	69267.38036400006   	0.6197791981940176  	0.09991703278089914 	0.099387113573757   	0.05826375346898004 	0.03128951442588469 
36114     	0.45537757437070936 	42974.284800999994  	69311.18370200005   	0.6200194904442228  	0.09906232301506684 	0.09852535252207378 	0.05784527034183193 	0.0311322806850511  
36142     	0.45662100456621    	43219.236403999996  	69633.97237000005   	0.6206630891938008  	0.09940709781461489 	0.0988592279887568  	0.05810780288162898 	0.0314818558887687  
36171     	0.45785876993166286 	43395.89092599999   	70091.87544000005   	0.6191286886473409  	0.09969867216369496 	0.09914008054107472 	0.058402223992483446	0.03132522974006836 
36228     	0.4580498866213152  	43440.128637999995  	70221.89079800005   	0.6186123464399393  	0.09974994707571547 	0.09918244594291249 	0.05856003324279933 	0.031170154345315546
36314     	0.4572072072072072  	43580.81883899999   	70362.58099900006   	0.6193749322472882  	0.09950419840973748 	0.09893716987931461 	0.05849285573115674 	0.03101660678696424 
36400     	0.4563758389261745  	43676.13200499999   	70464.83857300006   	0.619828738552384   	0.09926335110833305 	0.09869723363386168 	0.05842465829383553 	0.03086456459683206 
36542     	0.45353982300884954 	43953.60449399999   	71004.72486600006   	0.6190236576079848  	0.09856626317949611 	0.09800210041264244 	0.05812546958323464 	0.030714005745140195
36600     	0.45374449339207046 	44173.916636999995  	71258.53760500006   	0.6199105134863223  	0.0985398162042103  	0.09797673448386308 	0.05818505786943484 	0.030564908629872527
36657     	0.45394736842105265 	44454.80388199999   	71608.51336200006   	0.6208033346156644  	0.09851987591890674 	0.09795509741148131 	0.05823902925584629 	0.03161286742543037 
36742     	0.4531590413943355  	44816.178907999994  	72097.85644700006   	0.6216020990990886  	0.09826002299044032 	0.0976894055775226  	0.05813721975735295 	0.03146088248588503 
36771     	0.4543478260869565  	44995.91344899999   	72474.71008000006   	0.6208498578239494  	0.09845349430220865 	0.09787528121160864 	0.05831201179789838 	0.03131035194767505 
36800     	0.455531453362256   	45146.229049999994  	72635.69328000006   	0.6215433075852643  	0.09866632743743876 	0.09808159888180959 	0.05848832685562451 	0.031161255033638504
36914     	0.45376344086021503 	45512.672138999995  	73444.97996400007   	0.6196839070731393  	0.09823434356677421 	0.09765204809567819 	0.058273815533364796	0.031013571360493295
36942     	0.45493562231759654 	45882.073680999994  	73971.20205900008   	0.6202694076054631  	0.09849454686014714 	0.09790073801977871 	0.058476737850365786	0.030867280929547575
36971     	0.45610278372591007 	46002.35673299999   	74091.48511100007   	0.6208858772918591  	0.09878536989730963 	0.09817822769158686 	0.05868019479709205 	0.030722364117671763
37062     	0.4562899786780384  	46053.114604999995  	74157.46139700008   	0.6210179493396601  	0.09887429808330434 	0.09825579761026607 	0.05875893333097065 	0.030578801668523763
37156     	0.4555084745762712  	46173.89256099999   	74291.47583200008   	0.6215234257213557  	0.09878783594845934 	0.09815720874910477 	0.05871439411386687 	0.030436574684019002
37187     	0.45665961945031713 	46314.857023        	74442.28362100008   	0.622157929205904   	0.09916185241292073 	0.09851514240956565 	0.05892053006010454 	0.030295664616037433
37250     	0.4568421052631579  	46443.539716        	74582.58464800008   	0.6227129286976967  	0.09928892974363344 	0.09862790346681412 	0.05899492327145646 	0.030156053258359843
37312     	0.4570230607966457  	46930.687938        	75599.04877000008   	0.620784106434729   	0.09941716626864941 	0.09874226043374168 	0.0591105405625819  	0.03001772273882608 
37375     	0.4572025052192067  	47167.765880000006  	75916.50871800008   	0.6213110517925643  	0.09953339484225984 	0.0988444915680753  	0.05920898607561056 	0.029880655511708154
37437     	0.4573804573804574  	47361.401902000005  	76161.84423100008   	0.6218520885386142  	0.09967280107882015 	0.09897127655019676 	0.05930133227118005 	0.030993377447934393
37625     	0.4537987679671458  	47483.077077        	76291.35842900009   	0.6223912911603183  	0.09881157081703838 	0.09810505520641714 	0.058821371341568104	0.030853135921020663
37718     	0.4530612244897959  	47628.46983         	76444.65320100008   	0.6230451422778762  	0.0985725367304926  	0.09785397544003933 	0.0586905508631974  	0.030714157831286337
37812     	0.45233265720081134 	47973.736311        	77158.60829100008   	0.6217548161323659  	0.0982879373876368  	0.09756115377765313 	0.0585470582409354  	0.030576426181818685
37843     	0.4534412955465587  	48062.737978        	77252.94464200009   	0.6221476501734503  	0.09841279359822572 	0.09767577711397983 	0.05864287907314519 	0.03043992427922128 
37875     	0.45454545454545453 	48135.746214        	77374.00375500009   	0.622117815777232   	0.09847056427167142 	0.09773312093422624 	0.05870852100813906 	0.030304635726869186
37937     	0.45472837022132795 	48180.052374        	77418.30991500008   	0.6223340760977389  	0.0982892129123182  	0.0975542574399866  	0.058653945938438805	0.030170544418343215
37968     	0.45582329317269077 	48321.826568        	77567.55961100008   	0.6229643785408886  	0.09830291354296178 	0.09756976590560916 	0.0587083430158859  	0.03003763453103774 
38000     	0.45691382765531063 	48485.279452999996  	77742.26854300007   	0.6236668978366933  	0.09831353357305751 	0.09758627691545263 	0.058763172607584666	0.029905890519936695
38048     	0.458               	49005.30158199999   	78653.21480200007   	0.6230552903065042  	0.0983770696076984  	0.09765083339189548 	0.05886672147758133 	0.03081736317120149 
38073     	0.4590818363273453  	49648.37684099999   	80283.99849600007   	0.6184093688790747  	0.09850939297333706 	0.09777424173325959 	0.05909219799257932 	0.0324122169113452  
38146     	0.4583333333333333  	49702.64664099999   	80338.26829600007   	0.6186671395240245  	0.0982616504476311  	0.0975231000780096  	0.05908148819194527 	0.032271904284023364
38195     	0.45849802371541504 	50024.172740999995  	80723.04845200006   	0.6197012340378302  	0.09828008997953779 	0.09753233466180283 	0.059193630700804085	0.03264337228918482 
38219     	0.45956607495069035 	50162.58087199999   	80903.29923400006   	0.6200313379917006  	0.09852346103108645 	0.09776014383910225 	0.059427995340033284	0.033551938645597475
38243     	0.46062992125984253 	50307.096589999994  	81086.33960200007   	0.6204139542729973  	0.09878763613902689 	0.09801321300914098 	0.05967362008954592 	0.033408554292411165
38317     	0.4598825831702544  	50368.92120799999   	81155.82677300007   	0.6206445453249618  	0.09865204418980443 	0.09786978625920312 	0.05968229283397451 	0.03326639023159239 
38341     	0.4609375           	50535.92629999999   	81347.74901000007   	0.6212332475701032  	0.09892998386714831 	0.09813764619019659 	0.05992761253145391 	0.03312543095095005 
38390     	0.46108949416342415 	50832.39558099999   	81732.00435100007   	0.6219399118452918  	0.09907783564002758 	0.09828008505024736 	0.06006761100231368 	0.03298566120010216 
38731     	0.45075757575757575 	50873.84180599999   	81773.45057600008   	0.6221315286031368  	0.09694814620105088 	0.09615995087818789 	0.058836897731371796	0.03284706598497568 
38756     	0.45179584120982985 	51128.83904199999   	82077.18209500007   	0.6229360918217322  	0.09730448748997549 	0.09650703395245193 	0.059092380781705256	0.0327096305624444  
38780     	0.4528301886792453  	51182.21997199999   	82138.81320600006   	0.623118571772367   	0.09763610970563032 	0.09682849251796499 	0.0593437669585853  	0.03278951222997268 
38804     	0.4538606403013183  	51299.38334799999   	82265.32113900007   	0.6235845510324052  	0.09797581928025605 	0.09715514283283483 	0.05959472036631476 	0.032653456162628394
38878     	0.45318352059925093 	51394.75843099999   	82387.00560600006   	0.6238211724405361  	0.09794772322941207 	0.09711667564186781 	0.059622627702769035	0.03251852452559274 
38951     	0.45251396648044695 	51829.388902999985  	83370.24188600006   	0.6216773243128065  	0.09786122914374552 	0.09701877420450687 	0.05962596987103288 	0.032384703437010054
38975     	0.45353159851301117 	51929.67773599998   	83470.53071900006   	0.6221318744314566  	0.09813613265548231 	0.09727916421909051 	0.05985118607565944 	0.03225197924259608 
39000     	0.45454545454545453 	51985.97941299999   	83526.83239600006   	0.6223865783217406  	0.098417057290948   	0.09754646183531658 	0.06007604874370337 	0.03212033851099365 
39146     	0.4522058823529412  	52106.943601999985  	83689.38073800005   	0.6226231230593904  	0.09791368172649699 	0.09703997808813335 	0.059852715663986915	0.03198976802924164 
39195     	0.4523809523809524  	52291.58142799998   	83917.64975400006   	0.623129718018675   	0.09797588724264299 	0.09709628716636563 	0.05996657104562268 	0.032518410513084635
39219     	0.453382084095064   	52390.97546899998   	84052.66996900005   	0.6233112581470951  	0.09817869984315193 	0.09729833170683047 	0.060148099359894604	0.032387287890048   
39268     	0.453551912568306   	52532.53312599998   	84238.33436100006   	0.6236178994336935  	0.0982112471086497  	0.0973327563897774  	0.060225058721867904	0.032257218460770704
39341     	0.4528985507246377  	52964.29204999998   	85164.78865500005   	0.6219036398312066  	0.09802853819256468 	0.09716442582331593 	0.06013634616942352 	0.03212818958692762 
39390     	0.45306859205776173 	53079.14008899998   	85301.48952400005   	0.6222533789877828  	0.09805017119188333 	0.09719630314999521 	0.06015931335374119 	0.03200018883160121 
39414     	0.4540540540540541  	53264.68531499998   	85603.43905700005   	0.6222259981813706  	0.09826207640176904 	0.09741642888042845 	0.06030406163982849 	0.03187320395528533 
39487     	0.45340501792114696 	53474.27290999998   	85835.91853100006   	0.6229824742970215  	0.09810172100096955 	0.0972721609527153  	0.060170742921189437	0.03174722291198381 
39512     	0.4543828264758497  	54080.79435699998   	87548.82596500005   	0.6177215257988747  	0.09835526502421235 	0.09753591810778885 	0.060365142189357755	0.03253206703608932 
39560     	0.45454545454545453 	54358.45887099997   	87867.92333600005   	0.6186382562284701  	0.0984884955534203  	0.09768072714054017 	0.06045645073847897 	0.032404490302614455
39585     	0.4555160142348754  	54626.76689399997   	88215.76494200005   	0.6192404150201031  	0.09883504499104716 	0.09803872345582776 	0.060658669507278724	0.03227791026236987 
39634     	0.45567375886524825 	54861.37779799997   	88531.52795600005   	0.6196818135259785  	0.09904202043050514 	0.09825962444887294 	0.060761236152864405	0.03215231528080423 
39804     	0.45183887915936954 	54919.05470299997   	88589.20486100005   	0.619929423558662   	0.09831896197970696 	0.09755258115823043 	0.060266394949415186	0.032027693903746844
39829     	0.4527972027972028  	55418.847072999975  	89906.34223100005   	0.6164064258182149  	0.0986529427459889  	0.09789817429715979 	0.06048193043554352 	0.03190403485392543 
39853     	0.4537521815008726  	55516.872409999974  	90087.46731400005   	0.6162552246751016  	0.09896959149047657 	0.09822831642184736 	0.060698278795144486	0.03178132702756418 
39878     	0.4547038327526132  	55691.90521899997   	90380.92819500006   	0.6161908970313151  	0.09926546775600188 	0.09853675107064949 	0.060924418182637365	0.0316595594910601  
39926     	0.4548611111111111  	55939.77179899997   	90670.43142800005   	0.6169571592192197  	0.0994197420986881  	0.098705610241461   	0.06104773724335763 	0.03153872147773545 
39951     	0.4558058925476603  	56112.14420999997   	90914.15922600006   	0.6171991765387492  	0.0997384037376642  	0.09903460883311888 	0.061278582312998486	0.031418802384664206
40036     	0.45517241379310347 	56405.42731899997   	91263.02140400006   	0.6180534728223201  	0.09971079538442555 	0.09901859437898636 	0.061294788654425295	0.03129979176957078 
40145     	0.4522184300341297  	56636.02028499997   	91556.65220600006   	0.618589899481803   	0.09918613797876323 	0.09850489856178143 	0.06098468270141768 	0.032056616409793424
40181     	0.4523809523809524  	56895.83926199997   	92078.56141800006   	0.6179053884618754  	0.0993595488408675  	0.09868276831592351 	0.06112648303760384 	0.032010862917651345
40236     	0.4517766497461929  	57003.36526699997   	92186.08742300006   	0.6183510642493962  	0.09936722943055196 	0.09870021012533313 	0.06115407553559209 	0.031890972045300586
40309     	0.4504201680672269  	57209.44411199997   	92445.86169800007   	0.6188426724701903  	0.09923844889018266 	0.09858749571057178 	0.061083889110032874	0.032119533785872297
40363     	0.4498327759197324  	57374.95949899997   	92647.45665600007   	0.6192826178923956  	0.09922255049802325 	0.09858380218701228 	0.06110851695265301 	0.032686142843807234
40454     	0.44776119402985076 	57699.46298099997   	93032.72700600007   	0.6202060805686013  	0.09878895427011414 	0.09816062381361187 	0.06091193581406781 	0.03256508305549684 
40563     	0.44499178981937604 	57809.18198899997   	93156.17583500007   	0.6205619914174305  	0.09814558377639312 	0.0975273792637699  	0.060565833516264385	0.032444916697358474
40600     	0.4451718494271686  	58128.178390999965  	93847.96923500007   	0.6193866405936186  	0.09816600676611878 	0.09755528978491519 	0.06065456104728806 	0.03232563391538289 
40636     	0.4453507340946166  	58493.11497999996   	94530.44440300007   	0.618775415152323   	0.09819348289164627 	0.09759248354192113 	0.06077064694023109 	0.03220722499994193 
40654     	0.44625407166123776 	58667.96941399996   	94748.04453500008   	0.6191997914250137  	0.09838893534274419 	0.09779609549439373 	0.060991435095349704	0.03208968038315382 
40690     	0.44642857142857145 	58885.345001999965  	95413.89821800007   	0.617156893301432   	0.09843455269676271 	0.0978520668578312  	0.061153680271101456	0.03197299063630599 
40727     	0.44660194174757284 	58993.10367899996   	95521.65689500008   	0.6175887813990364  	0.09849735267929549 	0.09792374800670825 	0.06131896037708633 	0.03185714646733386 
40763     	0.4467741935483871  	59327.04317599996   	95922.81221900009   	0.6184873212489974  	0.0985810934178502  	0.0980206808570449  	0.06148419464042951 	0.03174213871835432 
40800     	0.44694533762057875 	59606.856972999965  	96329.62829500009   	0.6187800994151018  	0.09870859922922602 	0.09816090627181671 	0.06166042753978823 	0.03162795836325232 
40836     	0.44711538461538464 	59693.919340999964  	96428.6135420001    	0.6190477820672999  	0.0988518727828379  	0.09831616399808757 	0.06183684897228165 	0.03186155183046033 
40890     	0.44657097288676234 	59862.708734999964  	96654.16142200009   	0.6193495226101482  	0.09887099045065782 	0.09834426625844857 	0.06191868791464931 	0.031747760573922965
40963     	0.44532488114104596 	60003.584878999965  	96795.03756600009   	0.6199035238566469  	0.09864184027427886 	0.0981179311833038  	0.06182645238834573 	0.03163477921956737 
41111     	0.44339622641509435 	60251.95395399997   	97085.28484000008   	0.6206085098611729  	0.0982485248336575  	0.09772779956976278 	0.061624447426971346	0.0320910701259335  
41138     	0.44427001569858715 	60585.39822599997   	97954.95769900008   	0.618502622523397   	0.09848901767440726 	0.09796832501752599 	0.06185826394047751 	0.03197767411842137 
41194     	0.4444444444444444  	60904.54505799997   	98728.02038300008   	0.616892193540701   	0.09847170474540502 	0.09795561705172891 	0.061899413793709154	0.031865076674342414
41250     	0.44461778471138846 	60943.15688299997   	98766.63220800008   	0.6170419656980425  	0.0984453727045516  	0.0979320225365702  	0.061908177860657825	0.03175326938776578 
41388     	0.44272445820433437 	61236.05435199997   	99120.49599300008   	0.617794067095109   	0.0979237034663982  	0.09741615723109372 	0.061619219571179   	0.03218807627801834 
41416     	0.4435857805255023  	61505.28906699997   	99444.02270400008   	0.6184915633398442  	0.09804699983001976 	0.09754420805103371 	0.0617186702718426  	0.032075922702136744
41444     	0.4444444444444444  	61608.69572799997   	99556.89851500008   	0.6188289977586785  	0.09818479901617515 	0.09768723545297955 	0.061819004032601536	0.03253881310942099 
41500     	0.44461538461538463 	61886.19623799997   	99908.03396400007   	0.6194316290950082  	0.09819098184914313 	0.09770183141419712 	0.06178487796704304 	0.03242622206059947 
41638     	0.44274809160305345 	62022.33776399997   	100080.08098100008  	0.6197270941035183  	0.09774588981534774 	0.09726677377798054 	0.061443806560723783	0.03231440750176981 
41694     	0.4429223744292237  	62208.42021799997   	100291.46261700008  	0.6202763285601463  	0.09773633883332428 	0.09725803703606142 	0.06135756913112232 	0.03252623592959878 
41777     	0.44242424242424244 	62289.86818299997   	100381.46602700009  	0.6205315647237665  	0.09751906055302384 	0.0970401775653464  	0.06117345663820041 	0.0324148447106618  
41861     	0.4419306184012066  	62405.92144899997   	100497.51929300009  	0.6209697700801526  	0.09722221219423696 	0.0967417952694676  	0.0609807520854829  	0.03230421384134213 
41916     	0.4421052631578947  	62730.45393499997   	100899.12030500009  	0.6217145773459368  	0.09710886551109496 	0.09662947615140151 	0.060888592707696136	0.0327513445941689  
41944     	0.44294294294294295 	63218.45973499997   	101835.24726500009  	0.6207915376342158  	0.09716875157785601 	0.0966908577305752  	0.06092793890583853 	0.03264032308707003 
41972     	0.44377811094452774 	63283.30505899997   	101904.92851800009  	0.6210033801046418  	0.09723966479592404 	0.0967605436894641  	0.060967805877180696	0.03253005172528939 
42000     	0.44461077844311375 	63403.30811099997   	102071.21108500009  	0.6211673932055208  	0.09732512247389248 	0.09684399786460254 	0.061016214213339484	0.032420522931601546
42034     	0.445440956651719   	63631.35233499997   	102321.29606500009  	0.6218778962160316  	0.09745473287319133 	0.09696629018735381 	0.06106727499992928 	0.032311729230488785
42051     	0.4462686567164179  	63939.356088999964  	103089.0982250001   	0.620233925700342   	0.09760042293781049 	0.09710708475260335 	0.06115524672150182 	0.03220366324644033 
42103     	0.4457652303120357  	64312.144864999966  	103997.72625900009  	0.6183995283207868  	0.09748592755373223 	0.0969918508884511  	0.061101435388769665	0.03260712006339664 
42172     	0.4446085672082718  	64617.942963999965  	104511.81996300009  	0.6182835873193712  	0.09718419441886308 	0.09669344103380995 	0.06096988162914376 	0.03249879076086044 
42206     	0.44477172312223856 	64841.15542799996   	104764.40984100009  	0.6189235020405187  	0.09720121510286832 	0.09671115251896327 	0.061022301735032966	0.03239117887092381 
42224     	0.4455882352941177  	64954.23897199996   	104877.49338500008  	0.6193343955462033  	0.09737534033499236 	0.09688621461330282 	0.06116460160896662 	0.03228427729049172 
42241     	0.44640234948604995 	65076.420350999964  	105153.17361200009  	0.6188726228189982  	0.09755257804452964 	0.09706572799104897 	0.06131446429226871 	0.032178079009930895
42293     	0.44590643274853803 	65132.58145399996   	105216.04207600009  	0.619036604769386   	0.09745455833496859 	0.09697098112504743 	0.06128516546878547 	0.03207257711153768 
42344     	0.44541484716157204 	65234.424973999965  	105335.11758000008  	0.6193036707293332  	0.09735102378544605 	0.09686907900790943 	0.06122159942055086 	0.03271971411444115 
42362     	0.44622093023255816 	65471.50729699997   	105719.24714700007  	0.6192960039335449  	0.09754525096193234 	0.09706584994063404 	0.06135279595937599 	0.03261313524110421 
42431     	0.44508670520231214 	65816.89366599997   	106366.03958900008  	0.6187773270521062  	0.09729849477975105 	0.09682070990986703 	0.06119952054299214 	0.032507248438373354
42500     	0.44396551724137934 	66201.75558699998   	107295.76239000008  	0.6170025182016877  	0.0970901869752072  	0.09661231177838564 	0.061090348905244556	0.03264683912573568 
42568     	0.44285714285714284 	66414.59225899998   	107667.42414900007  	0.6168494582640833  	0.09685930227519565 	0.09638160068501116 	0.060956664069498345	0.03254152674145911 
42586     	0.44365192582025675 	66470.47984799999   	107741.19869300007  	0.6169457983979026  	0.09705111369648374 	0.09657273217385075 	0.0610863323165428  	0.0324368916072422  
42620     	0.4438122332859175  	66817.02302499999   	108585.44237800007  	0.6153405241229412  	0.09711266675489016 	0.09663405653629101 	0.061163524148231126	0.03233292721106514 
42672     	0.443342776203966   	67136.59016499999   	108953.01890900006  	0.6161976128543435  	0.0970466951577235  	0.09656464347951392 	0.06115313136629379 	0.032229627124128836
42706     	0.4435028248587571  	67220.00620599999   	109036.43495000007  	0.6164912328326262  	0.09711775045429812 	0.09662877760702239 	0.06120942228843493 	0.0321269849995297  
42724     	0.44428772919605075 	67247.075508        	109063.50425200007  	0.6165864187952386  	0.09731331409183146 	0.09681570548053223 	0.06135169292710544 	0.03202499457095976 
42741     	0.4450704225352113  	67512.641943        	109416.43960300006  	0.61702466455643    	0.09753917620450202 	0.09703228621494436 	0.06150116193651665 	0.03267099977801369 
42758     	0.44585091420534456 	67694.01946699999   	109621.82462600006  	0.6175231957500582  	0.0977463696938156  	0.0972279862775817  	0.061645299982206005	0.03265313958943951 
42775     	0.44662921348314605 	67761.336229        	109689.14138800006  	0.6177579236335698  	0.09794940350550951 	0.09742080410462975 	0.061784662600611724	0.0325504567605419  
42810     	0.44677871148459386 	67973.337363        	109994.10219100006  	0.6179725640650006  	0.09802946076851778 	0.09748968006878239 	0.06184758914366775 	0.03244841771113582 
42827     	0.44755244755244755 	68129.769558        	110189.05228500006  	0.6182988976235568  	0.09823907687417249 	0.09769105110061904 	0.06199670517370009 	0.03234701640578851 
42862     	0.4476987447698745  	68284.438263        	110375.72036000005  	0.6186545196741127  	0.0983320018941468  	0.09777680593587902 	0.06206143553195315 	0.03224624688427515 
42879     	0.44846796657381616 	68393.666819        	110500.75993900005  	0.6189429543901371  	0.09858149175678231 	0.09801549614425782 	0.062213396807147055	0.03237072019782136 
42948     	0.4473684210526316  	68606.44639000001   	110747.23288300005  	0.6194867772676536  	0.09845089358485185 	0.09787836331217863 	0.06210885765946862 	0.032270501249840496
42982     	0.44751381215469616 	68749.37344400001   	110956.12011600005  	0.619608664867926   	0.09861646747685758 	0.09803579794116744 	0.062181908778582026	0.032170900937340985
43000     	0.4482758620689655  	69070.412433        	111934.16483500005  	0.6170628291622611  	0.09893740637376083 	0.09834875454992607 	0.06238981418788395 	0.032145159834620525
43078     	0.4484181568088033  	69204.49499600001   	112120.56290700004  	0.6172328536506068  	0.09911368468164237 	0.09852027598606726 	0.06249890587814513 	0.032046555049851745
43184     	0.4473324213406293  	69248.35899100002   	112164.42690200005  	0.6173825418954217  	0.09890927227900509 	0.09832129744814266 	0.0624048539242929  	0.031948553352451586
43315     	0.44565217391304346 	69314.15468900002   	112230.22260000005  	0.6176068538689683  	0.09852223877031388 	0.0979415652311303  	0.062178530979744406	0.031851149226377044
43342     	0.44640434192673    	69827.81955900001   	113266.70721800005  	0.6164902403722667  	0.09868032666332303 	0.09810227188883158 	0.062331034320960814	0.031754337222649455
43394     	0.4465493910690122  	70318.67663400002   	113876.22736000005  	0.6175009329357185  	0.09871915678538119 	0.09814237493923321 	0.06237323372648928 	0.03165811195833839 
43421     	0.4472972972972973  	70361.50810600002   	113919.05883200005  	0.617644745553633   	0.09889436958633795 	0.098318026223123   	0.06249955941048166 	0.03156246811556396 
43473     	0.4474393530997305  	70756.96474100002   	114709.02890100006  	0.6168386692739506  	0.0989229852892098  	0.0983485460939915  	0.06252909533242618 	0.03146740044051708 
43526     	0.4475806451612903  	71508.45799200003   	116306.32799200005  	0.6148286101588438  	0.09900920301434885 	0.0984319129550544  	0.0626222787497229  	0.031858341246668344
43578     	0.4477211796246649  	71589.15019900003   	116406.68373700004  	0.6149917504800912  	0.09910723475438978 	0.09852591455580458 	0.06271652251329908 	0.0317629569914388  
43631     	0.44786096256684493 	71741.34472100003   	116801.58802700005  	0.6142154908408967  	0.09919019984956469 	0.09860652426187627 	0.0628212366620744  	0.03166814219444943 
43657     	0.4485981308411215  	71970.85083400003   	117073.96796300005  	0.614746831308781   	0.0994364437092491  	0.09884858061551534 	0.063013386039685   	0.03157389177125166 
43763     	0.44754316069057104 	72064.56989000003   	117176.25413300005  	0.6150100156658334  	0.09924006779971596 	0.09865041136876888 	0.06290207786479127 	0.031480200697746465
43789     	0.4482758620689655  	72209.95199300002   	117444.79660700005  	0.614841645429663   	0.09944511092980557 	0.09885160898827551 	0.06304963036194766 	0.031387064009291595
43868     	0.4478203434610304  	72376.46083300002   	117723.45139900006  	0.6148007043022762  	0.09937272017882805 	0.0987799618253324  	0.06301329756023591 	0.03129447679982466 
43894     	0.44854881266490765 	72445.07204600002   	117797.96514900005  	0.6149942569412454  	0.09957415030521734 	0.09897895686604227 	0.06314439193242735 	0.03120243422100164 
43921     	0.4492753623188406  	72619.82878800001   	118257.35259100006  	0.6140829910099537  	0.09976521442453196 	0.09916422108551154 	0.06329364203075329 	0.03111093148135061 
43973     	0.44940867279894875 	72755.01082000001   	118399.76225700007  	0.6144861225487686  	0.0998390227283691  	0.09923266771768419 	0.06335998642512729 	0.03101996384544023 
44051     	0.44954128440366975 	73078.60958700001   	119180.25284000007  	0.6131771652230703  	0.0999298092814569  	0.09931871308602164 	0.06345900909144223 	0.030929526633062854
44076     	0.450261780104712   	73143.39155600002   	119251.63942700007  	0.6133533417859196  	0.10013251701060744 	0.09951884630936368 	0.06360909914683198 	0.030839615218431857
44230     	0.44805194805194803 	73350.18756400002   	119499.40152600007  	0.6138121750178043  	0.09966331272798536 	0.09904574831387651 	0.06333027769535857 	0.030750225029392925
44282     	0.4481865284974093  	73494.47071300002   	119682.35698700008  	0.6140794062150948  	0.09969885551087654 	0.09907363688263458 	0.06334057339307748 	0.030661351546649014
44358     	0.447741935483871   	73672.90292900002   	119901.00009000007  	0.6144477766966053  	0.09949566822811466 	0.09886947424654513 	0.06319113377602145 	0.030572990302998728
44487     	0.4461538461538462  	74374.89114200002   	121315.85624500008  	0.6130681795774352  	0.09904929369503844 	0.09841973120444365 	0.06289925054894085 	0.03048513688258781 
44512     	0.4468629961587708  	75071.78236100002   	122842.78217400008  	0.6111208247845197  	0.09915114947881115 	0.09851749996435086 	0.06298888998773941 	0.03039778692017352 
44538     	0.4475703324808184  	75533.04928200002   	124274.42518900007  	0.6077923850150763  	0.09926037549708501 	0.0986261578356138  	0.06314420815440953 	0.030773640842042933
44564     	0.4482758620689655  	75706.51079300002   	124494.76583700007  	0.6081099898779834  	0.09937918519423676 	0.09874456114924891 	0.06330490229142328 	0.030685966651609765
44615     	0.4484076433121019  	75785.66283900003   	124573.91788300007  	0.608358989802167   	0.09938192752549985 	0.09874996799115472 	0.06338563848158894 	0.030913701496349366
44666     	0.4485387547649301  	75904.42044000003   	124701.68443400007  	0.6086880123914717  	0.09939692804507828 	0.0987673979624059  	0.06344623750916549 	0.030826127271147242
44923     	0.44416562107904645 	76045.45468400003   	124872.53118900007  	0.6089846498658851  	0.09838825431543664 	0.0977693129767006  	0.06285650967667566 	0.03073904781557903 
44948     	0.4448621553884712  	76073.68128700003   	124907.87847200007  	0.6090382946024743  	0.09850470276853249 	0.09788949261346876 	0.06298465082449192 	0.030652458948492892
44974     	0.4455569461827284  	76245.98184600002   	125091.41279100007  	0.6095221098301137  	0.09863388916549504 	0.09802261366143059 	0.06311248036087427 	0.030566356535716228
45046     	0.44569288389513106 	76327.16302100003   	125172.59396600007  	0.6097753557917985  	0.09861538275850404 	0.09800923836171507 	0.06315749035109511 	0.030480736489397694
45093     	0.44582814445828145 	76806.49424800003   	125850.83208500007  	0.6102978659380232  	0.09858495318308806 	0.09798570516373198 	0.06317697535779579 	0.03039559476736027 
45116     	0.4465174129353234  	76887.05742700004   	125967.98421100008  	0.6103698325299225  	0.09868302323798778 	0.09809075568597045 	0.0632778910548469  	0.030310927372465116
45139     	0.4472049689440994  	77191.59075100004   	126622.17075500007  	0.609621445365656   	0.09879277380522947 	0.09820845687214277 	0.06340652469442527 	0.03103855966640685 
45162     	0.4478908188585608  	77453.84086400004   	126965.01300200007  	0.6100408217402373  	0.09893146322381596 	0.09835764217670327 	0.06354068796440525 	0.030952580276749214
45325     	0.44526445264452646 	77620.98991900004   	127165.85449200007  	0.6103917614447606  	0.09835430818006503 	0.09779592656174242 	0.06320327115183218 	0.0311520090605151  
45348     	0.44594594594594594 	77681.85294200004   	127243.22232900007  	0.6104989446207661  	0.09851329595185504 	0.0979677490601213  	0.06333735036923158 	0.0312985150043337  
45465     	0.4444444444444444  	77850.62933000004   	127419.43471100007  	0.6109792396000893  	0.09812427446323652 	0.09758887319439374 	0.06310018654172674 	0.03121253007300311 
45581     	0.4429611650485437  	78324.57456500005   	128332.85535700007  	0.6103236333915775  	0.09773750401250254 	0.09721275075426417 	0.06289557858494756 	0.031127016291981183
45674     	0.4420289855072464  	78429.26369200005   	128484.33785700006  	0.6104188650548981  	0.0974740330097185  	0.09695910986838982 	0.06277574012686045 	0.03104196979938014 
45744     	0.4416365824308063  	78769.56348200006   	128877.21465500006  	0.6111985248351581  	0.09736751812369449 	0.09686163451330086 	0.06273631537733872 	0.03146349922562371 
45790     	0.4417767106842737  	78936.56055000005   	129182.30512400006  	0.6110477783643053  	0.09737710867406835 	0.09688156919554841 	0.06277820893107237 	0.03137800058642365 
45837     	0.4419161676646707  	79025.29455400005   	129271.03912800006  	0.6113147622782835  	0.09736493309106087 	0.09687966669481911 	0.06281798286499038 	0.031292965354482116
45930     	0.4410011918951132  	79238.99633700005   	129484.74091100006  	0.6119562488947181  	0.09711835268184776 	0.0966436095344175  	0.06270855101050565 	0.031208389772442977
46090     	0.4395734597156398  	79370.29948100005   	129616.04405500006  	0.6123493434757259  	0.09667034905942319 	0.0962013367757946  	0.06247580879605329 	0.03112427012346065 
46151     	0.4397163120567376  	79457.37717600005   	129706.84039600006  	0.6125920339545206  	0.09655735370486139 	0.09609175115727667 	0.0624656348292685  	0.03104060273065565 
46212     	0.43985849056603776 	79584.60654900005   	129834.06976900005  	0.6129716698444135  	0.09644282868010196 	0.09598371038000358 	0.062449512728719334	0.030957383956578825
46242     	0.44051825677267376 	79632.14922300004   	129885.14371800005  	0.6130966709779625  	0.09644709337942134 	0.0959935268947815  	0.06250733426823203 	0.03087461020268423 
46272     	0.4411764705882353  	79660.82610100004   	129915.09196500004  	0.6131760744353025  	0.0964544165714109  	0.09600686319593721 	0.06256511790648411 	0.030792277908810405
46303     	0.4418331374853114  	79952.35750600004   	130243.41942400004  	0.6138686918662639  	0.09649350778211938 	0.09605124613335814 	0.0626261005628275  	0.030923914183631065
46363     	0.44196951934349354 	80503.16560900005   	131361.08721000003  	0.6128387585610029  	0.09645102033612545 	0.09601457525259477 	0.06265534957798663 	0.030841887886061754
46424     	0.4421052631578947  	80763.17352700005   	131698.033247       	0.6132450996859498  	0.09640323610496067 	0.09597271216065814 	0.06267166314799584 	0.03076029559006688 
46454     	0.4427570093457944  	80967.72281000005   	131985.285665       	0.6134602232517739  	0.09647323583526746 	0.0960472932717738  	0.06276701700412687 	0.030679133860277787
46515     	0.4428904428904429  	81058.97540400006   	132076.773725       	0.6137261921068329  	0.0964154855984968  	0.09599172830227026 	0.06272616772153153 	0.03059839929748758 
46545     	0.4435389988358556  	81155.49455100005   	132186.75148        	0.6139457520694044  	0.09647411750913125 	0.0960531613102238  	0.0627590509918142  	0.03051808853817659 
46575     	0.4441860465116279  	81256.41470700005   	132287.671636       	0.6142402667013711  	0.09652990142620482 	0.09611230271155025 	0.06279007362803925 	0.030438198254045236
46696     	0.44328703703703703 	81804.31987200005   	133330.44415400003  	0.6135456938665411  	0.09626575429512119 	0.09585326499374605 	0.06264335881215037 	0.03035872515155426 
46757     	0.44341801385681295 	82010.16695300005   	133584.49092000004  	0.6139198224898249  	0.0962484887730721  	0.09584063433140841 	0.06264620308996942 	0.030840320554805418
46787     	0.44405997693194926 	82312.47742100005   	134023.76448900005  	0.6141632995822603  	0.09635537243344984 	0.09595091049765937 	0.06272616781409182 	0.03076021582609164 
46848     	0.4441887226697353  	82655.79626300004   	134675.17141200005  	0.6137419050326532  	0.09636329480432727 	0.09596318351408326 	0.06275890026347149 	0.030680526147785703
46909     	0.4443168771526981  	83171.23019400005   	135808.43221900007  	0.6124158039014908  	0.09638686346935628 	0.09598999816517731 	0.06282387153953159 	0.030601248302442586
46939     	0.44495412844036697 	83362.20585600004   	136115.93832200006  	0.6124353024610228  	0.09651747932574087 	0.09612353184633596 	0.06297082520797447 	0.030522379105786805
46969     	0.44558991981672397 	83441.10609300004   	136194.85904300006  	0.6126597338498337  	0.09662719931844692 	0.09623637331938284 	0.06307667580336336 	0.03044391540628607 
47000     	0.4462242562929062  	83612.00541600004   	136373.62266000005  	0.6131098066116301  	0.09671809826148862 	0.09633201668216379 	0.0631800314312432  	0.03039898912746653 
47045     	0.44685714285714284 	84095.16540400004   	137176.67465600005  	0.6130427466250128  	0.09679785572553008 	0.09641127840786601 	0.0632658922671638  	0.03032124235220447 
47090     	0.4469783352337514  	84112.33351200004   	137194.38663100006  	0.613088739105848   	0.09676805733722096 	0.09638135599008671 	0.06327936411010641 	0.030243892244163132
47113     	0.44760820045558086 	84212.03714500004   	137336.98830700005  	0.6131781261778824  	0.09684787519318262 	0.09646086830523665 	0.06336156480230526 	0.030166935775348465
47204     	0.4467120181405896  	84284.31144800004   	137410.32504400006  	0.6133768435596919  	0.09660005203429373 	0.09621364074869453 	0.0632281291965322  	0.03009036994850748 
47227     	0.44733861834654587 	84840.16770900003   	139152.12404500006  	0.6096936593045736  	0.09670729573602457 	0.09632341026134598 	0.06338589996559184 	0.030014191796739108
47250     	0.4479638009049774  	84954.95014200003   	139276.21281800006  	0.609974585200815   	0.0968165094822212  	0.0964344979515369  	0.06354405633622014 	0.02993839838311098 
47272     	0.4485875706214689  	85032.05626700004   	139353.31894300005  	0.6101903916747103  	0.0969009923015046  	0.09652036600468986 	0.06369831261889052 	0.029862986800281984
47318     	0.4487034949267193  	85155.26627200004   	139494.04248200005  	0.610458086645444   	0.09688947488814435 	0.09651119511806357 	0.06378182103671126 	0.02978795417013052 
47340     	0.44932432432432434 	85192.61314700004   	139531.38935700004  	0.6105623511640758  	0.09699083739630354 	0.09661568768116231 	0.06393727515999509 	0.02971329764338834 
47409     	0.4489337822671156  	85542.40419100004   	140146.24105400004  	0.6103795831244558  	0.09687731948318799 	0.0965064533852594  	0.06394670506571894 	0.029639014399279868
47454     	0.4490481522956327  	85660.76543500004   	140264.60229800004  	0.6107083614225699  	0.09683320509463075 	0.09646711106185862 	0.06401097337562835 	0.02956510164516695 
47477     	0.44966442953020136 	85771.16925000004   	140375.00611300004  	0.6110145361700313  	0.09690763578300834 	0.0965445814502226  	0.06414672221653273 	0.029491556616198875
47613     	0.4477777777777778  	85962.87139000003   	140625.42031400005  	0.6112897028009234  	0.09646011023624376 	0.09610223167545447 	0.0639290717462333  	0.029698951059437536
47636     	0.4483906770255272  	86153.53802200002   	140849.14606100004  	0.611672419971137   	0.0965738479032759  	0.09622027483136637 	0.06407065469692542 	0.029625438804339918
47681     	0.4485049833887043  	86223.87693700002   	140922.80911800003  	0.611851817861518   	0.09658992971818094 	0.09624266051932683 	0.06414126480317774 	0.029552289572724266
47704     	0.4491150442477876  	86298.42274600003   	141005.68408400004  	0.6120208792050557  	0.0966988230989919  	0.09635858068562334 	0.06427450859823307 	0.029479500682151053
47727     	0.44972375690607735 	86362.68786300003   	141086.37166500004  	0.6121263651748188  	0.09681158911298976 	0.09647868483084561 	0.0644084146915239  	0.02990220697978397 
47772     	0.4498346196251378  	86487.04512600003   	141366.72193200004  	0.6117921102223893  	0.09680806926173706 	0.09648301540397272 	0.06447536449262076 	0.0298289172567943  
47795     	0.45044052863436124 	86871.96925800003   	142072.07101400004  	0.6114640874731776  	0.09693677036287696 	0.09661625237981163 	0.06463874940322777 	0.02975598591875813 
47818     	0.45104510451045104 	87142.34423300003   	142408.14305700004  	0.6119196723049789  	0.09709363083152793 	0.09677842564875518 	0.06480604431630131 	0.03016344273359043 
47840     	0.45164835164835165 	87316.74369400002   	142627.58355300003  	0.6122009608439685  	0.0972705359284591  	0.09696155571490052 	0.0649770032563789  	0.030090052361975855
47863     	0.4522502744237102  	87407.42548300001   	142730.17572600004  	0.6123962577527864  	0.09745947331783834 	0.0971577605361831  	0.06514888757919939 	0.030017018254301156
48052     	0.44989106753812635 	87537.14489900002   	142866.83930100006  	0.6127184259642767  	0.09699749693022515 	0.09670626901666383 	0.06487008059292987 	0.02994433782269268 
48105     	0.45                	87606.81179300002   	142938.77911700006  	0.6128974399682747  	0.09706032630185207 	0.09677777441299303 	0.06492395704044682 	0.029872008504280376
48236     	0.4486486486486487  	87917.59862100001   	143369.40269200006  	0.6132242791711496  	0.09679635547548486 	0.09652425047000901 	0.06476805050708158 	0.029800027760896568
48289     	0.4487594390507012  	88413.37054900001   	144608.06455700006  	0.6113999991622194  	0.09682973490222231 	0.09656516172310725 	0.06485667002541938 	0.030355122670615763
48342     	0.4488697524219591  	88660.78441200001   	145058.43883200007  	0.6112073528840525  	0.09684494166504258 	0.09658679232061604 	0.06495610104995243 	0.030282328611453614
48368     	0.44946236559139785 	88737.20937600001   	145134.86379600008  	0.61141208290744    	0.0969666826882799  	0.09671434435844575 	0.06512692825600963 	0.030209882849225256
48394     	0.45005370569280345 	89028.705723        	145478.22431400008  	0.6119727274842214  	0.09711396714870957 	0.09686731677713041 	0.06530167268204355 	0.030822339552161022
48500     	0.44919786096256686 	89114.180896        	145600.80844200007  	0.6120445473453435  	0.09695386943575145 	0.09671464785312955 	0.06526854877306126 	0.03074895302941778 
48631     	0.4478723404255319  	89349.81770500001   	145858.86041000008  	0.6125772370210716  	0.09669330611676458 	0.09646287081582598 	0.06515961316387942 	0.030675915136236267
48789     	0.44608879492600423 	89694.250744        	146255.78666400007  	0.6132697569776067  	0.09634233827958798 	0.09611999162253222 	0.06496052252774921 	0.03060322339420727 
48842     	0.4462025316455696  	89926.233214        	146676.11000200006  	0.6130939333799743  	0.0963611457318099  	0.09614783572664326 	0.06495338295685923 	0.03053087534835808 
48868     	0.44678609062170704 	90115.820021        	146948.01437100006  	0.6132496611589753  	0.09648306184299536 	0.09627740862623013 	0.06502095657959006 	0.0304588685668761  
48921     	0.4468980021030494  	90213.924876        	147048.80467900005  	0.613496485557515   	0.09650953783505258 	0.09631118915192928 	0.06501979124377283 	0.030387200640836394
48973     	0.44700944386149005 	90794.472561        	148325.48686600005  	0.6121299479908358  	0.09656775769131291 	0.09637126185367574 	0.06505782001919533 	0.030315869183933024
49000     	0.44758909853249473 	90895.64196200001   	148436.81858200004  	0.612352399022801   	0.09673943966848392 	0.09654476951448321 	0.06516447939853776 	0.03024487183221421 
49054     	0.4481675392670157  	90965.39585300001   	148508.90582800005  	0.6125248539528952  	0.09691572055623537 	0.09672337141769134 	0.06526936905802143 	0.030174206243821187
49081     	0.448744769874477   	91056.87205500001   	148607.71363500005  	0.6127331470736949  	0.09708863821996712 	0.09689750974790291 	0.0653589396591639  	0.030103870098730695
49108     	0.44932079414838033 	91229.06143800002   	148795.01889300006  	0.6131190554409871  	0.09727972926126267 	0.09709147370549139 	0.06544947584574758 	0.030179596142606943
49162     	0.4494264859228363  	91317.09910200002   	148883.05655700006  	0.6133478262319202  	0.0973600769036553  	0.09717425572792357 	0.06546967061701388 	0.03010957387777491 
49297     	0.44813278008298757 	91397.61636900002   	148963.57382400005  	0.6135568181049817  	0.09708110836823086 	0.09690302255682966 	0.06524292098851238 	0.030039875790094876
49378     	0.44777662874870733 	91494.65516000002   	149060.61261500005  	0.6138083934775997  	0.09697353320284874 	0.09680257388513576 	0.06514895409098352 	0.03038262229199099 
49432     	0.44788441692466463 	91781.87007300003   	149367.54833500006  	0.6144699507764066  	0.09696885666416298 	0.09680282026248967 	0.06512315130121443 	0.03084279251712465 
49486     	0.44799176107106076 	91835.66459400003   	149421.34285600006  	0.614608748915499   	0.096949565902695   	0.09678590573871668 	0.06509514151543228 	0.030771889545820913
49513     	0.448559670781893   	92142.75597400003   	150013.68201300007  	0.6142290138976457  	0.09704002584448726 	0.09687972626918115 	0.06515458566892089 	0.030701311817504812
49648     	0.44728761514841353 	92234.12432900003   	150120.55851800006  	0.6144003542189113  	0.09673887595750026 	0.09658254379032848 	0.06494781685459922 	0.03063105709938695 
49729     	0.44693877551020406 	92304.41347400003   	150190.84766300005  	0.6145808144122985  	0.09660486223746537 	0.09644952601412637 	0.06486587776360965 	0.030561123179068717
49756     	0.4475025484199796  	92688.55216400004   	151270.18675800005  	0.6127350944061561  	0.09668619074542524 	0.0965326307773153  	0.06495489151031326 	0.030491507864310017
49810     	0.4476093591047813  	92898.23117000004   	151726.59370200004  	0.6122738862276025  	0.0966717944618565  	0.09652122790404687 	0.06499174259857705 	0.030422208982800222
49837     	0.4481707317073171  	93176.98995000005   	152692.97205900005  	0.6102244831150236  	0.09676125516866294 	0.0966141693933739  	0.06513642767681564 	0.030353224381932196
49864     	0.44873096446700506 	93215.80872900004   	152736.04194100006  	0.6103065625139618  	0.09682591953066352 	0.0966830534754012  	0.0652441105775833  	0.030284551928579408
49891     	0.44929006085192696 	93331.55159600003   	152894.35136900007  	0.6104316527086779  	0.09688508869114751 	0.09674707885108387 	0.06535393177765494 	0.030216189508876067
49945     	0.4493927125506073  	93556.55395100004   	153196.59191800008  	0.6106960525667376  	0.0968339853111265  	0.09670090212467045 	0.06535951501537324 	0.03014813502800022 
49972     	0.4499494438827098  	93630.53782700004   	153270.5757940001   	0.6108839700115831  	0.09688689168175552 	0.09675937549071179 	0.06543133189941368 	0.03008038640995977 
50000     	0.4505050505050505  	93818.32209900004   	153496.6499670001   	0.6112076199654509  	0.09694920956495807 	0.09682591801010546 	0.06550443829100036 	0.030012941597381385
50068     	0.4510595358224016  	93906.39390300005   	153601.5238580001   	0.6113636866637706  	0.09700492288073027 	0.09688409552376001 	0.06555822504495351 	0.029945798551302232
50172     	0.4507042253521127  	94101.97749700004   	153881.4961070001   	0.6115223719398146  	0.09685742821738894 	0.09673925645345145 	0.06544732181057925 	0.030405283068082732
50206     	0.45125628140703516 	94238.50451500004   	154025.1930530001   	0.6118382496204536  	0.09691893194316178 	0.09680586670727052 	0.06546938434449971 	0.030337565288421076
50275     	0.45135406218655966 	94279.17219600004   	154065.8607340001   	0.6119407099459641  	0.09688420683780859 	0.0967762768466202  	0.0654261387775932  	0.03027014847666903 
50344     	0.45145145145145144 	94426.37425000004   	154213.0627880001   	0.6123111268453953  	0.09685643990881182 	0.09675518000215583 	0.06538776710232885 	0.030203030630822757
50379     	0.452               	94520.84762100004   	154393.4271510001   	0.6122077174215235  	0.09693249164233533 	0.0968362117578516  	0.06541968970457324 	0.030136209766595274
