25738     	0.5                 	397.746648          	726.045828          	0.547825815755531   	0.007402206007873146	0.006556155688692321	2.0                 
25833     	0.3333333333333333  	487.733921          	888.956527          	0.5486589120909846  	0.0057645320470793154	0.004811515164611061	1.7                 
25857     	0.42857142857142855 	610.728412          	1054.286501         	0.5792812593357866  	0.00885530557597769 	0.006660554892977734	1.8                 
25880     	0.5                 	936.3467880000001   	1673.1807830000002  	0.5596208117577931  	0.012590193125253005	0.009523754421812117	1.7000000000000002  
25952     	0.45454545454545453 	1069.1569960000002  	1821.2685300000003  	0.5870397354309965  	0.013816992977751541	0.009690555325019841	1.6200000000000003  
25976     	0.5                 	1494.320842         	2478.4684370000004  	0.6029210700011024  	0.018965716709158805	0.01233493461531534 	1.5833333333333337  
26000     	0.5384615384615384  	1576.5771960000002  	2636.6472330000006  	0.5979477179456262  	0.023678507751457325	0.014792956877846465	1.5571428571428574  
26058     	0.5333333333333333  	1700.826702         	2782.7819120000004  	0.6111965492752562  	0.02671869314992793 	0.015836373272885156	1.5250000000000004  
26156     	0.45                	1804.8739560000001  	2906.3646610000005  	0.6210073980802506  	0.024547131256707037	0.013587269116994769	1.5000000000000004  
26254     	0.4                 	2057.717659         	3330.4809000000005  	0.6178440053506986  	0.023091449896427096	0.01201566438782612 	1.5500000000000003  
26333     	0.3793103448275862  	2802.9945399999997  	4590.522254         	0.6106047166109653  	0.023543353660463968	0.012040180707380044	1.5363636363636366  
26392     	0.375               	2909.494546         	4716.533192000001   	0.6168714238956212  	0.02496082445808141 	0.01246392092632442 	1.5166666666666668  
26411     	0.3939393939393939  	3019.1219929999997  	4872.587411         	0.6196137161509404  	0.028025943979655434	0.013641400256302455	1.553846153846154   
26450     	0.4                 	3103.7149849999996  	4960.505181         	0.6256852622366003  	0.030309841055351346	0.014331872145206474	1.535714285714286   
26470     	0.4166666666666667  	3491.0492659999995  	5424.723443000001   	0.6435441921937621  	0.03427387086250681 	0.015457166476975889	1.5666666666666669  
26490     	0.43243243243243246 	3586.2500819999996  	5603.267355000001   	0.6400283718034366  	0.03819223405469365 	0.016591537715614668	1.5562500000000001  
26607     	0.3953488372093023  	4201.854452         	6728.454547000001   	0.624490278213066   	0.0373682659342946  	0.016126596249468862	1.5470588235294118  
26666     	0.391304347826087   	4741.967371999999   	7854.499582000001   	0.6037262237389471  	0.03965231358384911 	0.017300529173164433	1.5722222222222222  
26686     	0.40425531914893614 	5074.801984999999   	8252.549330000002   	0.6149374916853722  	0.044187739306667514	0.019178168289885562	1.5578947368421054  
26705     	0.4166666666666667  	5692.792595999999   	9319.525838000001   	0.6108457334586552  	0.04915791591164345 	0.02144190530732776 	1.55                
26725     	0.42857142857142855 	5818.296519999999   	9465.784755         	0.6146660494183188  	0.05423145682136002 	0.02362936768335841 	1.538095238095238   
26745     	0.44                	6347.498805999999   	10406.831223000001  	0.609935788328293   	0.05933707249437159 	0.02593754645193479 	1.5590909090909089  
26764     	0.45098039215686275 	6476.848010999998   	10662.303655000002  	0.6074529689428544  	0.0643550171493003  	0.028259981824319713	1.5521739130434782  
26784     	0.46153846153846156 	6668.4527229999985  	11005.837088000002  	0.6059014566253043  	0.06927143299651406 	0.030550496496333877	1.5458333333333332  
26803     	0.4716981132075472  	6822.023412999999   	11288.538937000001  	0.6043318316987614  	0.07417111592594308 	0.03285279723435055 	1.5639999999999998  
26882     	0.45614035087719296 	7523.080335999999   	12655.794914000002  	0.5944375985168558  	0.075379005931697   	0.03369726789841596 	1.5576923076923075  
26921     	0.4576271186440678  	7552.507173999999   	12686.474750000001  	0.5953196079155085  	0.07909302876526046 	0.03559897923078232 	1.5740740740740737  
26960     	0.45901639344262296 	8090.0550969999995  	13576.904296        	0.595868905062804   	0.08293738135021099 	0.03761831871528423 	1.589285714285714   
27048     	0.453125            	8632.769151         	14531.949361        	0.5940544476550492  	0.08398858092917384 	0.03841443442284163 	1.6034482758620687  
27097     	0.45454545454545453 	8875.908782         	14990.037406000001  	0.5921205225576873  	0.08628549120478157 	0.03986769956584337 	1.5966666666666665  
27121     	0.4626865671641791  	8991.063783         	15235.104493        	0.5901543889725915  	0.08965798258442069 	0.0419271477984622  	1.590322580645161   
27146     	0.47058823529411764 	9319.461582         	15804.991415        	0.5896530619532766  	0.0931485602279657  	0.04407616534317733 	1.5843749999999996  
27243     	0.4583333333333333  	9441.839785         	15939.728873        	0.5923463228407448  	0.09271768175667192 	0.044247394041360376	1.5757575757575752  
27268     	0.4657534246575342  	9569.130067         	16074.272621        	0.5953071901056691  	0.09633252590302456 	0.04622991203399226 	1.567647058823529   
27317     	0.4666666666666667  	9697.89801          	16354.035038        	0.5929972626000926  	0.09856639170622072 	0.04758756437354024 	1.5628571428571423  
27341     	0.47368421052631576 	9817.432471         	16495.512813        	0.5951577609192573  	0.10154068580349951 	0.049103202367743556	1.5749999999999995  
27365     	0.4805194805194805  	10156.67167         	17133.637726        	0.5927913168484603  	0.10463272049658404 	0.05075620115903899 	1.5702702702702698  
27439     	0.475               	10252.484951999999  	17277.598947000002  	0.5933975538759794  	0.10473617161465061 	0.05086327385768019 	1.5815789473684205  
27487     	0.47560975609756095 	10571.667828999998  	17964.102967000003  	0.588488489985841   	0.1062924707189625  	0.05175157386964712 	1.5769230769230764  
27560     	0.47058823529411764 	10781.913814999998  	18364.071832        	0.5871199978760787  	0.10647970890119694 	0.05196207021160762 	1.5724999999999993  
27609     	0.47126436781609193 	10871.390822999998  	18472.071203000003  	0.5885312320166026  	0.10798495106313367 	0.052767966302935475	1.5658536585365848  
27658     	0.47191011235955055 	10997.237810999997  	18679.738959000002  	0.5887254546296251  	0.1085533010918506  	0.05297593859848551 	1.5761904761904755  
27756     	0.46236559139784944 	11049.716356999998  	18738.842226        	0.5896691067534898  	0.10625481504888665 	0.05199807294470109 	1.5860465116279063  
27853     	0.4536082474226804  	11752.213731999998  	19950.987024000002  	0.5890542516950512  	0.10406157166545822 	0.0512930317160133  	1.5818181818181813  
27878     	0.45918367346938777 	12026.820944        	20280.328456000003  	0.593028903357915   	0.10525441639287685 	0.05211403132011313 	1.5911111111111107  
27902     	0.46464646464646464 	12100.325974        	20360.609371000002  	0.5943007772269685  	0.1063398423080883  	0.052818056044720445	1.5847826086956516  
27975     	0.46078431372549017 	12450.721604999999  	20772.706047000003  	0.5993788954038626  	0.10567855975221771 	0.05248286628733787 	1.5787234042553187  
28000     	0.46601941747572817 	12937.643977999998  	21572.158558000003  	0.5997380347087284  	0.10734023011032306 	0.0533205347136138  	1.5749999999999995  
28052     	0.47115384615384615 	13086.892317999998  	21815.014055000003  	0.5999029973120957  	0.10872926914145142 	0.054023214402909706	1.5836734693877548  
28078     	0.47619047619047616 	13177.198008999998  	21916.502359000002  	0.6012454812886139  	0.10981638156785421 	0.054369527099442226	1.5919999999999996  
28131     	0.4766355140186916  	13314.143877999997  	22128.027768000004  	0.601686875016217   	0.10986631136096289 	0.05422383282817961 	1.5882352941176467  
28157     	0.48148148148148145 	13498.040167999998  	22366.531986        	0.6034927621523487  	0.11110600639270869 	0.05460176246957817 	1.5826923076923074  
28184     	0.48623853211009177 	13598.510820999998  	22481.437526        	0.6048772817696016  	0.11227131245623281 	0.05488527782437843 	1.5773584905660374  
28315     	0.47368421052631576 	13705.585913999998  	22676.195229        	0.6044041240424795  	0.10938113702372208 	0.05319234623945343 	1.5740740740740737  
28342     	0.4782608695652174  	13781.635613999997  	22847.436753        	0.6032027033487855  	0.1102553517241441  	0.053346898672369664	1.5818181818181816  
28368     	0.4827586206896552  	14238.599299999996  	23691.474530000003  	0.6010009753495911  	0.11131949654344311 	0.053640246402251374	1.5785714285714285  
28394     	0.48717948717948717 	14762.852789999997  	24559.951818        	0.6010945338736493  	0.1125308177272998  	0.05402971271833658 	1.575438596491228   
28421     	0.4915254237288136  	14883.626464999998  	24696.263048        	0.6026671499275811  	0.11360913385775936 	0.05425744738257682 	1.5827586206896551  
28473     	0.49166666666666664 	15608.411061999997  	26083.196548        	0.5984086740778256  	0.11365373635024428 	0.05408760773870514 	1.5898305084745763  
28500     	0.49586776859504134 	15644.809930999998  	26127.218407        	0.5987935526580374  	0.1146649261166629  	0.05437127041371606 	1.585               
28552     	0.4959349593495935  	15799.411172999999  	26322.445969        	0.600225799365568   	0.11475750223204018 	0.05421454903377939 	1.580327868852459   
28631     	0.49206349206349204 	16093.582725999999  	26978.8635          	0.5965255996050389  	0.11396804629929502 	0.05371833525271005 	1.5774193548387097  
28657     	0.49606299212598426 	16201.02185         	27128.919858999998  	0.5971863949690324  	0.11506000076881888 	0.054098325693577795	1.5746031746031746  
28684     	0.5                 	16262.654584        	27230.342158999996  	0.5972254953331526  	0.11616857257123518 	0.05448129924743636 	1.56875             
28763     	0.4961832061068702  	16467.876153        	27625.988975999997  	0.5961008732504174  	0.11556828528775613 	0.05407591778323272 	1.5661538461538462  
28815     	0.49624060150375937 	16493.708872000003  	27651.860525999997  	0.5964773638465156  	0.11563534385722463 	0.05404503668684362 	1.5621212121212122  
28868     	0.4962962962962963  	17038.643224000003  	28635.022197999995  	0.5950281129933981  	0.11586525428396934 	0.05417502530700015 	1.5686567164179106  
28921     	0.49635036496350365 	17271.251014        	29079.671654999995  	0.5939286804509143  	0.11608733914276664 	0.0543519648975626  	1.5661764705882355  
29120     	0.47586206896551725 	17667.889448        	29780.072383999996  	0.5932789289488922  	0.111174554684846   	0.05219649197098139 	1.5724637681159421  
29140     	0.4794520547945205  	17719.563136        	29844.821776999994  	0.5937232015791644  	0.11192149942112427 	0.052679622126035275	1.5685714285714287  
29160     	0.48299319727891155 	17782.532045        	29927.107255999992  	0.5941948178581422  	0.11270004940936346 	0.05316099244704459 	1.5647887323943663  
29220     	0.48                	17987.133725        	30330.09472299999   	0.5930457484315059  	0.11175004455636163 	0.05273302910321983 	1.5625000000000002  
29260     	0.48026315789473684 	18144.374202        	30528.06748999999   	0.5943505663417283  	0.11149518851287402 	0.0525339630278187  	1.5684931506849318  
29340     	0.47435897435897434 	18362.874384        	30761.952972999992  	0.596934609454648   	0.1099257273423222  	0.05165735312309577 	1.564864864864865   
29400     	0.4716981132075472  	18710.697311        	31359.635098999992  	0.5966490761748899  	0.10904712556766455 	0.051211506732046136	1.5626666666666669  
29420     	0.475               	19020.232119        	31962.90441599999   	0.5950720832953733  	0.1096333697928998  	0.051489604928407116	1.560526315789474   
29440     	0.4782608695652174  	19413.356198        	32834.12978899999   	0.5912553895216621  	0.11030704196885337 	0.05187635065391016 	1.5584415584415587  
29460     	0.48148148148148145 	19714.409116000003  	33445.52085899999   	0.5894484107187995  	0.1110644972278691  	0.052343398472255546	1.5564102564102569  
29540     	0.4759036144578313  	19848.491751        	33600.69529199999   	0.5907166973335144  	0.10974698292195961 	0.05176983482164412 	1.5531645569620258  
29560     	0.47904191616766467 	20088.725571000003  	33887.20172799999   	0.5928115791986827  	0.11059225042320048 	0.052157102688500497	1.5587500000000003  
29600     	0.47928994082840237 	20256.011407        	34172.26388499999   	0.5927617636094468  	0.1106921295262119  	0.052240727999247824	1.5567901234567907  
29660     	0.47674418604651164 	20913.514139000003  	35443.897334999994  	0.5900455568227936  	0.11032216280376403 	0.05216320956162948 	1.5548780487804883  
29680     	0.4797687861271676  	21065.393037        	35623.245791999994  	0.5913383962819782  	0.11132629448105723 	0.05269825606180304 	1.551807228915663   
29740     	0.4772727272727273  	21564.437682000003  	36640.619872999996  	0.5885391065092368  	0.11099089993713242 	0.05264120766936027 	1.5571428571428576  
29760     	0.480225988700565   	21968.404943000005  	37535.648465        	0.5852677612186287  	0.11203542563195419 	0.05327940769303894 	1.5623529411764712  
29780     	0.48314606741573035 	22443.799026000004  	38456.34087         	0.5836176432352287  	0.11319559908873232 	0.05401096936981082 	1.5604651162790704  
29800     	0.4860335195530726  	22799.110660000006  	39096.633173        	0.5831476730775117  	0.11446076090572234 	0.054797968237488344	1.558620689655173   
29840     	0.4861878453038674  	23138.393523000006  	39730.090296        	0.5823896535500591  	0.11503201740071366 	0.055324642265739826	1.5568181818181825  
29880     	0.48633879781420764 	23337.121089000007  	39992.208847        	0.5835416887894811  	0.11561416467663786 	0.05578413122292093 	1.5617977528089895  
29920     	0.4864864864864865  	23410.59010000001   	40071.813368        	0.5842158897329791  	0.11603706199755791 	0.05608049331886756 	1.5666666666666673  
29960     	0.48663101604278075 	23969.44195300001   	41020.282907        	0.5843314637137641  	0.11656632435207336 	0.05645414266686724 	1.5648351648351655  
30113     	0.47668393782383417 	24473.928495000007  	41920.542258        	0.5838170781373772  	0.11466786409778196 	0.05568868388388753 	1.5630434782608702  
30159     	0.47692307692307695 	24675.134765000006  	42317.736269        	0.5830920304467198  	0.11525002258013146 	0.056135227909748626	1.561290322580646   
30181     	0.47959183673469385 	25023.067898000005  	42714.68357         	0.5858188755394309  	0.11657123349321553 	0.05686874263826522 	1.5585106382978733  
30204     	0.48223350253807107 	25442.834970000004  	43628.155219        	0.5831746687955233  	0.11796594850084172 	0.057691519848116345	1.563157894736843   
30272     	0.48                	25585.412174000005  	43789.597818        	0.584280592855387   	0.11801287727989546 	0.05786205613726889 	1.5677083333333341  
30295     	0.48258706467661694 	25661.352031000006  	43903.927191        	0.584488761548885   	0.11925473368280254 	0.058613033698522665	1.5659793814432998  
30318     	0.48514851485148514 	25985.042283000006  	44278.921183000006  	0.5868490376178459  	0.12065375738052306 	0.059367959355176574	1.56326530612245    
30386     	0.48292682926829267 	26159.219538000005  	44494.559587        	0.5879195070321127  	0.12085797308556596 	0.059471363730420744	1.5606060606060617  
30409     	0.4854368932038835  	26272.294857000004  	44638.881271000006  	0.5885518209451186  	0.12228291016719262 	0.06015701181320008 	1.565000000000001   
30431     	0.48792270531400966 	26843.525687000005  	45684.88525400001   	0.5875800177182163  	0.12385343911615983 	0.06093020146866022 	1.5633663366336645  
30522     	0.4834123222748815  	27070.436325000006  	45968.063376000006  	0.5888966020511868  	0.12353272573775187 	0.060681058143195375	1.5676470588235305  
30568     	0.4835680751173709  	27598.508805000005  	47163.07015000001   	0.5851720152488843  	0.12440775909991601 	0.06107397623580215 	1.571844660194176   
30590     	0.48598130841121495 	28217.997533000005  	48367.10860300001   	0.5834129504125405  	0.12578158323016672 	0.06184532978184837 	1.570192307692309   
30613     	0.4883720930232558  	28609.705130000006  	49071.06938300001   	0.583025915060075   	0.12710366162759298 	0.06266464616684873 	1.5742857142857154  
30659     	0.48847926267281105 	28780.672420000006  	49405.42963500001   	0.5825406768573282  	0.12782159058615436 	0.06317958743433076 	1.5726415094339634  
30681     	0.4908256880733945  	28955.342006000006  	49614.649881000005  	0.5836046827993135  	0.1292191410330792  	0.06398447736179323 	1.5766355140186927  
30727     	0.4909090909090909  	29432.450001000005  	50596.70192200001   	0.581706887661831   	0.1300357379252707  	0.06456437649393156 	1.5750000000000013  
30750     	0.49321266968325794 	29894.181761000003  	51516.34897100001   	0.5802853338428209  	0.13152560009681244 	0.06551344494120075 	1.5733944954128454  
30772     	0.4954954954954955  	30066.983185000005  	51854.01476900001   	0.5798390600793945  	0.13302522864144126 	0.06648744086086793 	1.5718181818181831  
30795     	0.4977578475336323  	30453.967724000006  	52697.88674100001   	0.5778973239225969  	0.1346291522880554  	0.06752485896677934 	1.5702702702702716  
30818     	0.5                 	30828.047627000007  	53473.33573800001   	0.5765125216434277  	0.13617837506649264 	0.06854443198338327 	1.5741071428571443  
30863     	0.5                 	31159.308277000007  	54172.02315700001   	0.5751918880100688  	0.1370699586349375  	0.06929482750931026 	1.5725663716814173  
31000     	0.49137931034482757 	31809.458776000007  	55428.37949500001   	0.5738839754257911  	0.13543313684978295 	0.06869285108221686 	1.5710526315789488  
31265     	0.4713114754098361  	31971.443461000006  	55718.46805400001   	0.5738033470341399  	0.1301752958176353  	0.06627592757975176 	1.5695652173913057  
31306     	0.4715447154471545  	32071.465139000007  	55844.578147000015  	0.574298637453722   	0.13051886869514337 	0.06666601734324082 	1.5672413793103463  
31346     	0.4717741935483871  	32194.679995000006  	56006.78399100001   	0.5748353628048616  	0.13079538598600166 	0.06697944218627062 	1.5658119658119674  
31387     	0.472               	32575.396737000006  	56434.05578500001   	0.5772294102182611  	0.13122679068661763 	0.0672970441557293  	1.5694915254237305  
31408     	0.47410358565737054 	32960.63890400001   	57059.857784000014  	0.5776502112706352  	0.1322666658390205  	0.06792268310261859 	1.5680672268907578  
31530     	0.4669260700389105  	33222.13821600001   	57369.27352800001   	0.5790928867137458  	0.1305793604793202  	0.06702008390248873 	1.565833333333335   
31571     	0.4671814671814672  	33286.17234800001   	57433.737237000016  	0.579557833937304   	0.13098934598824813 	0.06718050972535984 	1.5636363636363655  
31591     	0.46923076923076923 	33550.726244000005  	57731.93553700001   	0.5811467419535513  	0.13201738427043067 	0.06760359928177312 	1.5672131147541002  
31653     	0.467680608365019   	33714.37545000001   	58091.47758800001   	0.5803669806630019  	0.13199089502099312 	0.06748318764148863 	1.5658536585365872  
31734     	0.46441947565543074 	33807.45460600001   	58193.821953000006  	0.5809457683206382  	0.13141756342013952 	0.0670567723983564  	1.5693548387096792  
31836     	0.45955882352941174 	34250.146617000006  	59053.16708800001   	0.5799883106347374  	0.13031696436572135 	0.06644610277358726 	1.5680000000000018  
31877     	0.45985401459854014 	34813.05867900001   	60148.085902000006  	0.5787891361284769  	0.13075897561764507 	0.06665088371754893 	1.5714285714285732  
31918     	0.4601449275362319  	35134.22318800001   	60503.88966300001   	0.5806936278591964  	0.13124112653335246 	0.06681883680980474 	1.574803149606301   
32133     	0.45229681978798586 	35269.92729800001   	60671.05247300001   	0.5813304015732367  	0.12921475315313272 	0.06579198823294642 	1.5726562500000019  
32166     	0.45422535211267606 	35425.33879100001   	60866.393762000014  	0.5820180332930565  	0.1300336990416242  	0.06618975516911142 	1.575968992248064   
32200     	0.45614035087719296 	35531.05642700001   	61069.96095800002   	0.5818090575076015  	0.1308768952273115  	0.06659696673770564 	1.579230769230771   
32266     	0.4564459930313589  	35831.26123000001   	61719.367867000015  	0.5805513320747764  	0.1312238902973687  	0.06675879663114616 	1.5824427480916048  
32300     	0.4583333333333333  	35943.55099600001   	61879.55795600002   	0.5808630860220103  	0.13193127021885961 	0.06707055317868613 	1.580303030303032   
32366     	0.4586206896551724  	36046.76439500001   	62012.16541300002   	0.5812853680391443  	0.13221385610614989 	0.06715168964390011 	1.5834586466165432  
32433     	0.4589041095890411  	36268.322385000014  	62486.88147700002   	0.5804149851573174  	0.13253584280046157 	0.06726475067524838 	1.5820895522388079  
32533     	0.4576271186440678  	36513.741018000015  	62924.56857100002   	0.5802779716606283  	0.13246257063967531 	0.06717352476619447 	1.5807407407407428  
32800     	0.44884488448844884 	36698.23945900002   	63161.99448600002   	0.5810177426733137  	0.1300314190455852  	0.06590808868121946 	1.5838235294117666  
32900     	0.4477124183006536  	36937.05647100002   	63581.83310500002   	0.5809372688264837  	0.12967600035987073 	0.06566717644103338 	1.586861313868615   
32933     	0.4495114006514658  	37415.07839300002   	64333.56749400002   	0.5815794125903166  	0.13024442812104015 	0.06589858141476515 	1.5855072463768136  
32966     	0.4512987012987013  	37776.266420000014  	64983.178671000016  	0.5813237701291211  	0.13086790708157492 	0.06616982458988244 	1.5841726618705056  
33041     	0.45161290322580644 	37872.372119000014  	65122.683803000014  	0.5815542282250865  	0.13076541321279087 	0.06608217863352421 	1.5871428571428592  
33062     	0.4533762057877814  	37928.903781000015  	65223.37733900001   	0.5815231490369421  	0.13100365979052883 	0.06616267442158831 	1.5858156028368815  
33083     	0.4551282051282051  	37991.12344800001   	65291.240870000016  	0.5818716713263777  	0.13117251319432743 	0.06623659207430575 	1.588732394366199   
33145     	0.45396825396825397 	38245.13619000001   	65579.66849300002   	0.5831858725251455  	0.13058939107488318 	0.06589434475861686 	1.5916083916083936  
33187     	0.45425867507886436 	38645.041547000015  	66215.79977800002   	0.5836226652334373  	0.13044519850972294 	0.06577496470709326 	1.5902777777777797  
33208     	0.4559748427672956  	38816.342545000014  	66620.62061200001   	0.5826475675011685  	0.13073338003170856 	0.06589180036884307 	1.5889655172413812  
33291     	0.453416149068323   	39153.721740000015  	67031.00152600001   	0.5841136317322225  	0.12983833661699812 	0.06534484828793574 	1.5917808219178102  
33375     	0.450920245398773   	39425.536799000016  	67328.71388200001   	0.5855679475490506  	0.12886905457127285 	0.06473282687737271 	1.589795918367349   
33395     	0.4525993883792049  	39669.47149000002   	67714.26059700001   	0.5858362941610192  	0.1291326830143994  	0.06474111306608912 	1.5925675675675697  
33416     	0.45426829268292684 	39979.661323000015  	68336.55024200001   	0.5850406726915562  	0.12943663092713362 	0.06479449118329811 	1.591275167785237   
33458     	0.45454545454545453 	40075.34227800002   	68456.26350900001   	0.585415274275542   	0.12937522382677175 	0.06465396354043962 	1.594000000000002   
33500     	0.45481927710843373 	40128.812718000016  	68519.287737        	0.5856571783411971  	0.12931369016139752 	0.06451171569707773 	1.5920529801324523  
33541     	0.4550898203592814  	40264.510250000014  	68681.313806        	0.5862513108548384  	0.12922616301093207 	0.06434299361572449 	1.5947368421052652  
33583     	0.45535714285714285 	40644.45683300001   	69452.83146300001   	0.585209500848828   	0.1292148792198696  	0.06422178300800148 	1.5934640522875838  
33604     	0.456973293768546   	41256.19553300001   	70638.72444700002   	0.5840450242551363  	0.12966262273038784 	0.06435495463069361 	1.5922077922077944  
33625     	0.45857988165680474 	41413.14811400001   	70831.72537800002   	0.5846694809846144  	0.1301545861248476  	0.06449198507837882 	1.5948387096774215  
33645     	0.46017699115044247 	41719.80637500001   	71385.99274700001   	0.5844256662908603  	0.13065118385403576 	0.06461786864291123 	1.5935897435897457  
33666     	0.46176470588235297 	42101.17185800001   	72282.99347300001   	0.5824492018821292  	0.13113180645446051 	0.06479382019752092 	1.5923566878980913  
33687     	0.4633431085043988  	42803.53046800001   	73567.41316400001   	0.5818273149360346  	0.13171613137358573 	0.06503815547386986 	1.5911392405063314  
33708     	0.4649122807017544  	43491.749181000014  	74869.83081500001   	0.5808981896655566  	0.1323682065488615  	0.06534876397936519 	1.5899371069182413  
33750     	0.46511627906976744 	43961.85457200001   	75803.43798100001   	0.5799453922263917  	0.13269894279347783 	0.06551975916855315 	1.5887500000000023  
33770     	0.4666666666666667  	44179.670992000014  	76238.38834500001   	0.5794937688356508  	0.1334433391885667  	0.06590379060693553 	1.587577639751555   
33812     	0.4668587896253602  	44417.69794200001   	76630.72286100002   	0.5796330281598543  	0.13376997780896221 	0.0661055908692791  	1.586419753086422   
33854     	0.4670487106017192  	44830.31730700001   	77382.28079700001   	0.5793356934594     	0.13414619265407796 	0.06633298338416188 	1.5852760736196339  
33895     	0.4672364672364672  	44958.54196300001   	77524.68886900002   	0.579925474308839   	0.13449424342081345 	0.06651610740560436 	1.5878048780487823  
33937     	0.46742209631728043 	45171.66348800001   	77778.68397000001   	0.5807717639632879  	0.13479340818165197 	0.06669517380601746 	1.5903030303030323  
33958     	0.4689265536723164  	45306.495379000015  	77931.37238500001   	0.5813640128801385  	0.1355121127611787  	0.06706321825844318 	1.5885542168674718  
34000     	0.4691011235955056  	45856.914293000016  	79041.63696300001   	0.5801614953200677  	0.13592245676924794 	0.067300506146118   	1.5874251497006007  
34065     	0.4692737430167598  	46067.278692000014  	79304.55942500001   	0.5808906704231401  	0.1362977859758521  	0.06753178919525091 	1.5898809523809543  
34108     	0.46944444444444444 	46731.576557000015  	80669.57048400001   	0.5792962114043826  	0.1367120948438034  	0.06778428646332771 	1.5923076923076942  
34130     	0.4709141274238227  	47493.436125000015  	82080.328225        	0.5786214206503926  	0.13753763435566266 	0.06827963139398478 	1.594705882352943   
34173     	0.47107438016528924 	47644.778867000015  	82313.537848        	0.578820691135652   	0.1378811484420149  	0.06858430419094065 	1.59356725146199    
34195     	0.4725274725274725  	47680.972084000015  	82372.47867600001   	0.578845906428846   	0.13857428012003759 	0.06904872546065513 	1.5912790697674435  
34217     	0.473972602739726   	48257.30913300002   	83450.65741400002   	0.5782735646238801  	0.13933342951880875 	0.0695638943763632  	1.5901734104046257  
34304     	0.4715447154471545  	48630.572385000014  	84093.85663600001   	0.5782892393138453  	0.13896625616829428 	0.06948901899265472 	1.5890804597701162  
34347     	0.4716981132075472  	48777.676645000014  	84281.47516200002   	0.5787473053982852  	0.13935763138533172 	0.06979330913177839 	1.5914285714285727  
34391     	0.4718498659517426  	48985.90108200001   	84720.36821400002   	0.5782068953980904  	0.1396225370652706  	0.0699820727342316  	1.5937500000000013  
34413     	0.4732620320855615  	49119.21961700001   	84864.96108000002   	0.5787926959713866  	0.14017985273972478 	0.07024245751511522 	1.5920903954802272  
34434     	0.4746666666666667  	49620.99993600001   	85902.02355900002   	0.5776464614005147  	0.14069986870327003 	0.07048941126282791 	1.5910112359550574  
34521     	0.47229551451187335 	49701.08915600001   	85987.38555900002   	0.5780044227754516  	0.1400130469743951  	0.07012127926841207 	1.5893854748603364  
34630     	0.46875             	49911.39338000001   	86280.63623400002   	0.5784773450746967  	0.13888862347822506 	0.06953262047110435 	1.5883333333333345  
34652     	0.4701298701298701  	50275.48392900001   	86882.88199400002   	0.5786581058910079  	0.13926915573983592 	0.06970417964556556 	1.587292817679559   
34673     	0.47150259067357514 	50785.95192900001   	87841.32564900002   	0.5781555726052292  	0.1397099709307388  	0.0699233858572926  	1.5895604395604406  
34717     	0.47164948453608246 	50966.50851800001   	88045.40536800002   	0.5788661918810781  	0.13983854837860482 	0.06996371328171269 	1.5879781420765038  
34804     	0.46938775510204084 	51105.41486300001   	88318.29916000002   	0.5786503516153084  	0.1392687948245573  	0.06965783497814064 	1.590217391304349   
34826     	0.4707379134860051  	51152.546192000016  	88377.99151100003   	0.5787928116202242  	0.1397813127208527  	0.06988859656767682 	1.5886486486486497  
34934     	0.46733668341708545 	51450.48574200002   	88880.31996000002   	0.5788737682892563  	0.13872518298082417 	0.06931096822237481 	1.5876344086021514  
35117     	0.4628712871287129  	52171.44683500002   	90441.65779200003   	0.5768519519510048  	0.13735405032950154 	0.06865154780037079 	1.5898395721925143  
35147     	0.4641975308641975  	52651.75940000002   	91413.49268400003   	0.5759736101759908  	0.137699388480603   	0.06889531660115358 	1.5888297872340433  
35176     	0.46551724137931033 	52859.50097400002   	91651.92451900002   	0.576741855137389   	0.13809722344707975 	0.0691413147353196  	1.587301587301588   
35205     	0.4668304668304668  	53286.29226000002   	92531.83794300002   	0.5758698135102923  	0.13855677768718547 	0.06942576307884626 	1.5894736842105273  
35235     	0.4681372549019608  	53381.031403000015  	92657.40493900001   	0.5761118761975131  	0.13897574892458792 	0.06967753098242498 	1.5916230366492155  
35264     	0.46943765281173594 	53418.935076000016  	92702.88064200002   	0.5762381352775138  	0.1394009052962514  	0.06992893810457801 	1.5937500000000009  
35323     	0.46958637469586373 	54028.88253400002   	93793.04779500002   	0.5760435747017086  	0.1395364652235881  	0.07006082169161713 	1.5927461139896382  
35352     	0.470873786407767   	54211.68169200002   	94146.17667100002   	0.575824569928594   	0.14002361478869602 	0.07037621185397944 	1.5917525773195882  
35382     	0.4721549636803874  	54812.54662600002   	95260.24355200003   	0.5753979265870689  	0.14056459217263934 	0.07074819585538317 	1.5907692307692314  
35470     	0.47115384615384615 	54994.96659200002   	95530.60742400003   	0.5756790213623587  	0.1404186252370393  	0.07078646305846224 	1.5928571428571434  
35500     	0.4724220623501199  	55114.17392400002   	95682.02756900003   	0.5760138588645087  	0.1408858057629576  	0.07110957425118015 	1.594923857868021   
35558     	0.47255369928400953 	55318.543177000014  	95926.36021900002   	0.5766771829005886  	0.14107458891260388 	0.07126562437550919 	1.5969696969696976  
35647     	0.471563981042654   	55434.91755100001   	96086.08307200002   	0.5769297257071148  	0.1408375537614271  	0.07118936319949266 	1.5959798994974879  
35735     	0.47058823529411764 	55592.04967600001   	96328.65042900003   	0.5771081545149921  	0.14062518753005315 	0.0711246500859936  	1.5950000000000002  
35794     	0.4707259953161593  	55692.63235700001   	96474.09420600002   	0.5772806971173026  	0.14071892696278168 	0.07122968834268271 	1.594029850746269   
35823     	0.4719626168224299  	56050.22480100001   	97075.12057700002   	0.5773902156169969  	0.14118715545383526 	0.07152405650636826 	1.5930693069306932  
35852     	0.4731934731934732  	56220.70667700001   	97425.87985400003   	0.577061318422281   	0.14166207707706568 	0.07183049106445548 	1.5921182266009852  
35911     	0.4733178654292343  	56447.32729000001   	97817.41374500003   	0.577068285992026   	0.1417466243138731  	0.07192741315231242 	1.5911764705882352  
35970     	0.47344110854503463 	56811.108276000006  	98499.64085500003   	0.5767646235343219  	0.1418629638840005  	0.07204827239038686 	1.590243902439024   
36000     	0.47465437788018433 	57141.26315700001   	99185.65240100003   	0.5761041216524164  	0.14234350350437863 	0.07236359211992115 	1.5893203883495142  
36085     	0.47477064220183485 	57531.64516400001   	100008.45083500003  	0.575267836704312   	0.14253254255138617 	0.07254941349460829 	1.5884057971014487  
36114     	0.4759725400457666  	57575.44850200001   	100127.00215900003  	0.5750241918815381  	0.1429707913875217  	0.07285369375172464 	1.5874999999999995  
36171     	0.4760820045558087  	57752.103024000004  	100526.92854900002  	0.574493858089475   	0.14305875709903787 	0.07299352398771912 	1.5894736842105257  
36228     	0.47619047619047616 	57796.340736000006  	100656.94390700002  	0.5741912926484216  	0.14312419450792968 	0.07312813935429964 	1.5914285714285707  
36314     	0.4752252252252252  	57937.030937        	100839.24589500003  	0.5745484352126906  	0.142862350153335   	0.07308919136074567 	1.5905213270142173  
36400     	0.4742729306487696  	58032.344103        	100941.50346900003  	0.5749106374349002  	0.14260875714037563 	0.07304699805795263 	1.5891509433962259  
36457     	0.47438752783964366 	58698.477302        	102223.92301400003  	0.5742146805886229  	0.14267218213437732 	0.07321742342231083 	1.5882629107981212  
36542     	0.47345132743362833 	58975.949791        	102712.18402500002  	0.5741865032939552  	0.14242006242038863 	0.07321347550287813 	1.5873831775700926  
36600     	0.473568281938326   	59196.261934        	102996.68187800002  	0.5747395047552911  	0.14243744743292439 	0.07328008273280116 	1.586046511627906   
36742     	0.47058823529411764 	59557.63696         	103686.41523800002  	0.5744015435705094  	0.1414351537786053  	0.07281805960495215 	1.5851851851851844  
36771     	0.4717391304347826  	59737.371501        	104021.53332700001  	0.5742788977471692  	0.14166276891165064 	0.07297131997554716 	1.5843317972350222  
36828     	0.47186147186147187 	60465.802034        	105349.73555200001  	0.5739530499737651  	0.14166456263568025 	0.07301681617331655 	1.583486238532109   
36914     	0.47096774193548385 	60832.245123        	105913.74427100002  	0.5743564779217831  	0.14135934443838652 	0.07290196849722214 	1.5826484018264828  
36942     	0.4721030042918455  	61201.646665        	106516.48021300002  	0.574574437144521   	0.14171204724422914 	0.07312216665869047 	1.5818181818181805  
36971     	0.4732334047109208  	61321.929717        	106650.87420100001  	0.5749782191323568  	0.14209488786823332 	0.07334285520760239 	1.5805429864253382  
37000     	0.47435897435897434 	61641.565722        	107319.29907100002  	0.5743754036375073  	0.1425151001049088  	0.0735916444322449  	1.5797297297297284  
37062     	0.47547974413646055 	61692.323594        	107383.20336200001  	0.5745062697191917  	0.14290330110650093 	0.07381695414311365 	1.5816143497757835  
37156     	0.4745762711864407  	61813.10155         	107517.84798200002  	0.5749101447821795  	0.1427103166716756  	0.07372864893096427 	1.5834821428571415  
37187     	0.47568710359408034 	61954.066012        	107671.41753800002  	0.5753993717983217  	0.14316656856502621 	0.0739541520801868  	1.5822222222222209  
37250     	0.47578947368421054 	62082.748705000005  	107830.61354000002  	0.575743257567298   	0.1433088822387945  	0.07398474149653422 	1.5809734513274325  
37281     	0.47689075630252103 	62756.597957000005  	109168.57749700002  	0.5748595373858798  	0.14380541767855634 	0.07422799513317281 	1.5828193832599107  
37312     	0.4779874213836478  	63243.74617900001   	110151.64536300002  	0.5741516249764854  	0.1442967539012248  	0.07447684695688357 	1.5846491228070163  
37343     	0.4790794979079498  	63407.63916100001   	110347.97211400002  	0.5746153549201053  	0.14481578380995863 	0.07472710318560934 	1.5834061135371167  
37375     	0.4801670146137787  	63644.71710300001   	110712.16445100002  	0.5748665236435555  	0.1453336949823752  	0.07497509962805218 	1.5826086956521728  
37718     	0.4714285714285714  	63790.10985600001   	110877.35833100002  	0.5753213353583753  	0.1425521477224007  	0.07351138694093895 	1.5813852813852802  
37781     	0.4715447154471545  	64162.95685800001   	111478.01379800003  	0.5755660212449096  	0.14245097466300627 	0.0734350434641296  	1.5806034482758609  
37812     	0.4726166328600406  	64508.22333900001   	112192.82537500003  	0.5749763687952759  	0.14266978391208393 	0.07353810847186744 	1.5798283261802561  
37843     	0.47368421052631576 	64597.22500600001   	112306.66414500003  	0.5751860363566494  	0.14290339044678915 	0.0736428340726483  	1.5816239316239302  
37875     	0.47474747474747475 	64670.23324200001   	112427.72325800003  	0.5752160709827259  	0.14306688359078765 	0.07373017430109204 	1.5834042553191476  
37968     	0.4738955823293173  	64812.00743600001   	112607.57370200002  	0.5755563796047661  	0.1426051180111929  	0.07350837003746158 	1.5851694915254224  
38000     	0.4749498997995992  	64975.460321000006  	112801.16984900003  	0.5760176105263682  	0.14272293190094074 	0.07358349880376285 	1.583966244725737   
38048     	0.476               	65495.48245         	113714.85957100002  	0.5759623913452284  	0.14289602223731038 	0.07369129218272283 	1.583193277310923   
38073     	0.47704590818363274 	66138.557709        	114826.57835900002  	0.5759864889661768  	0.14309569069066524 	0.0738355580819229  	1.5824267782426764  
38121     	0.47713717693836977 	66576.882474        	115623.95070200002  	0.5758052900786098  	0.14304869741511692 	0.07386208136473027 	1.581666666666665   
38146     	0.4781746031746032  	66631.152274        	115679.34318400001  	0.5759987084990292  	0.14329627806509415 	0.07403511326704666 	1.5804979253112017  
38219     	0.47731755424063116 	66769.560405        	115865.16167200002  	0.5762695139891695  	0.14300306586906614 	0.07391254180335469 	1.579338842975205   
38243     	0.47834645669291337 	66914.07612299999   	116083.85332000002  	0.5764287987455307  	0.14329325134556747 	0.07408853331289138 	1.578600823045266   
38317     	0.4774951076320939  	66975.90074099999   	116161.00304400003  	0.576578188771584   	0.14296555969092342 	0.07394503259111913 	1.5803278688524576  
38365     	0.4775828460038986  	67451.574029        	117035.04889400002  	0.576336530521653   	0.1429641307145074  	0.07397863704762166 	1.5795918367346922  
38390     	0.4785992217898833  	67748.04331         	117382.86719900001  	0.5771544427786574  	0.14330710453672782 	0.07416073509044023 	1.5813008130081285  
38439     	0.4786821705426357  	68103.583472        	118010.69076300002  	0.5770967276920013  	0.14340401423148458 	0.07422319186088548 	1.5829959514170024  
38512     	0.47784200385356457 	68718.328764        	119238.03339500002  	0.5763121615429255  	0.14325382071739007 	0.07419230714198032 	1.5822580645161273  
38536     	0.47884615384615387 	69454.31071800001   	120428.77455500003  	0.5767252135101658  	0.14374469203140222 	0.07448864915614949 	1.581526104417669   
38682     	0.4752851711026616  	70192.323229        	122135.78011900003  	0.5747072902028367  	0.14292302457281042 	0.07414500321986746 	1.5831999999999982  
38731     	0.4753787878787879  	70233.76945400001   	122198.32630800003  	0.5747523028832349  	0.1432030252166922  	0.07436979911962889 	1.5848605577689225  
38756     	0.4763705103969754  	70488.76669         	122502.91648800003  	0.575404804316678   	0.14377070444611126 	0.0747091054992764  	1.5865079365079346  
38780     	0.47735849056603774 	70542.14762         	122572.79778000004  	0.5755122580020787  	0.14430786539671128 	0.07504312058830366 	1.5853754940711446  
38829     	0.4774436090225564  	71224.45264         	124109.61723000003  	0.5738834284534678  	0.14461556321289018 	0.07529580632701813 	1.5870078740157463  
38878     	0.47752808988764045 	71319.82772300001   	124236.25071200004  	0.5740661627686354  	0.14491915700706423 	0.07554751800111464 	1.5886274509803904  
38951     	0.4767225325884544  	71754.45819500001   	125052.28541800004  	0.5737956563940707  	0.14488280522125077 	0.0756311776705519  	1.5878906249999982  
38975     	0.47769516728624534 	71854.74702800001   	125231.59803500005  	0.5737748951180665  	0.145388718057523   	0.0759995102923797  	1.587159533073928   
39000     	0.47866419294990725 	71911.04870500001   	125302.88515700004  	0.5738977886654248  	0.14590218592410403 	0.07636754646895487 	1.5887596899224787  
39048     	0.47962962962962963 	72603.707666        	126667.42756900004  	0.573183722598695   	0.14642276662550566 	0.0767553476644149  	1.588030888030886   
39146     	0.47794117647058826 	72724.67185500001   	126871.56006400003  	0.5732149255381918  	0.14614719790875363 	0.0767216737338981  	1.5873076923076903  
39219     	0.47714808043875684 	72824.06589600001   	127042.20645300004  	0.5732273386084622  	0.1461029919693489  	0.07680287483774682 	1.5865900383141742  
39243     	0.4781021897810219  	73216.87385300001   	127801.85380900004  	0.5728936761936386  	0.14662768432273127 	0.07719071401043454 	1.5881679389312957  
39268     	0.4790528233151184  	73358.43151000001   	128069.01160400004  	0.5728039171320408  	0.14716267051922666 	0.0775861667729174  	1.5874524714828875  
39341     	0.4782608695652174  	73790.190434        	128827.17451700004  	0.5727843578860968  	0.1470168203891655  	0.07755657967539854 	1.586742424242422   
39365     	0.47920433996383366 	74141.711239        	129477.03061800003  	0.572624432960179   	0.14743268943337323 	0.0778300909105038  	1.5860377358490543  
39390     	0.48014440433212996 	74256.559278        	129607.02765000003  	0.572936210515742   	0.14786776718173006 	0.07810385067845653 	1.5875939849624037  
39414     	0.4810810810810811  	74442.104504        	129958.92326400003  	0.5728125674970196  	0.14831820887215993 	0.07839085482244859 	1.586891385767788   
39439     	0.48201438848920863 	74887.170884        	130826.82188800002  	0.5724145079982943  	0.14880938928866946 	0.07870768739130653 	1.5861940298507438  
39487     	0.482078853046595   	75096.75847900001   	131072.71673600003  	0.5729396654702448  	0.14903526373454207 	0.07884966253947033 	1.5877323420074325  
39512     	0.48300536672629696 	75703.27992600002   	132082.49524600003  	0.5731514973653755  	0.14959028403409025 	0.07916286729873906 	1.5870370370370346  
39560     	0.483065953654189   	75980.94444000002   	132411.80590700003  	0.573823035790068   	0.14993344167520117 	0.07933728524139641 	1.5885608856088536  
39634     	0.48226950354609927 	76215.55534400002   	132735.22243700002  	0.574192395542744   	0.14995565114061044 	0.07933368795924967 	1.5900735294117623  
39707     	0.48148148148148145 	76674.04326100003   	133733.61775600002  	0.5733340991409769  	0.1499290592345356  	0.0793376137680263  	1.5893772893772868  
39804     	0.4798598949211909  	76731.72016600003   	133795.897223       	0.5734983041976982  	0.14955001277666014 	0.07912825116557133 	1.5872262773722603  
39829     	0.4807692307692308  	77231.51253600002   	134903.991649       	0.5724924191787064  	0.14997989095078226 	0.07937110537411865 	1.58872727272727    
39853     	0.4816753926701571  	77329.53787300002   	135085.116732       	0.5724504648903458  	0.15039612366402924 	0.07961486764712707 	1.588043478260867   
39878     	0.48257839721254353 	77504.57068200002   	135374.23532799998  	0.5725208382098204  	0.15078602292639606 	0.07986315654007815 	1.5873646209386254  
39902     	0.4834782608695652  	77868.41575200002   	136095.49124899998  	0.5721601431272411  	0.15121066745891587 	0.08013400840589534 	1.5866906474820117  
39951     	0.48353552859618715 	78040.78816300002   	136540.96951499998  	0.5715558373446784  	0.1513602388863936  	0.08027328117783428 	1.5860215053763411  
40036     	0.4827586206896552  	78334.07127200002   	136889.32967599996  	0.5722438078804757  	0.15127936291584684 	0.08027656974167528 	1.5874999999999972  
40145     	0.47952218430034127 	78564.66423800001   	137159.35618799998  	0.5727984325787729  	0.15043659249731417 	0.07985009457189568 	1.5864768683273993  
40163     	0.4804088586030664  	79002.35510400002   	137927.20124199998  	0.5727829927135731  	0.15091933389252285 	0.08013534841356541 	1.5858156028368766  
40181     	0.4812925170068027  	79262.17408100002   	138568.51907299997  	0.5720070807658955  	0.1514164758420132  	0.08044302398119466 	1.5851590106007039  
40200     	0.48217317487266553 	79434.40730600002   	138818.74737799997  	0.5722167128457234  	0.15193046637855895 	0.08075652717670317 	1.5845070422535181  
40236     	0.48223350253807107 	79541.93331100003   	139060.21162599997  	0.5719963487825452  	0.1521876971468481  	0.08092424661417236 	1.5859649122806987  
40290     	0.48148148148148145 	79754.07518400003   	139437.36870099997  	0.5719705981760116  	0.1522082580050043  	0.08096584150200324 	1.5853146853146822  
40309     	0.4823529411764706  	79960.15402900003   	139698.52028499998  	0.5723765281541474  	0.15277635184776384 	0.08128163575285438 	1.5843205574912862  
40345     	0.4824120603015075  	80618.65532100003   	141146.23774799999  	0.5711711244116556  	0.15306640533760565 	0.0814808775423517  	1.5836805555555524  
40454     	0.4792703150912106  	80943.15880300003   	141520.611854       	0.5719531433803098  	0.15224628704763898 	0.08112648849124673 	1.5851211072664328  
40600     	0.4746317512274959  	81262.15520500003   	142089.915322       	0.5719065636772752  	0.15088579730486507 	0.08046373128410571 	1.5865517241379279  
40636     	0.47471451876019577 	81627.09179400004   	142730.405798       	0.5718970063710408  	0.15105531328707925 	0.08061709028284435 	1.585910652920959   
40654     	0.4755700325732899  	81801.94622800003   	143033.951592       	0.5719057980117728  	0.15148430148355504 	0.08091000234271709 	1.5852739726027365  
40690     	0.47564935064935066 	82019.32181600003   	143433.004979       	0.5718301853050382  	0.15168640171670292 	0.08108305123271256 	1.5866894197952186  
40727     	0.47572815533980584 	82127.08049300003   	143582.116876       	0.5719868342930645  	0.15186495606524927 	0.08122450775654225 	1.588095238095235   
40763     	0.47580645161290325 	82461.01999000003   	143957.131072       	0.5728165001340382  	0.15206469957321359 	0.08136530751116136 	1.5894915254237256  
40781     	0.47665056360708535 	82856.54724100004   	144856.869534       	0.5719890779605202  	0.15252938578438124 	0.08166554180804439 	1.588851351351348   
40800     	0.477491961414791   	83136.36103800003   	145188.774568       	0.5726087384191169  	0.15304893650355772 	0.08196921105067634 	1.5902356902356871  
40836     	0.4775641025641026  	83223.42340600003   	145279.81122899998  	0.572849198398376   	0.15329932574808597 	0.08211288477837655 	1.5892617449664397  
40890     	0.4768740031897927  	83392.21280000004   	145494.05907299998  	0.5731657590098503  	0.15331858184586006 	0.08212097811461186 	1.5906354515050136  
40909     	0.47770700636942676 	84100.08411500003   	146935.152472       	0.5723619072776079  	0.15383696512501796 	0.0823907025504337  	1.5919999999999968  
40927     	0.4785373608903021  	84505.47995500003   	147610.344063       	0.5724902308942058  	0.1543404702269569  	0.0826757159088791  	1.5933554817275717  
40963     	0.4786053882725832  	84646.35609900003   	147870.712333       	0.5724348977800229  	0.15449708199897239 	0.08275478686420593 	1.5927152317880762  
40981     	0.47943037974683544 	84693.61252100003   	147917.968755       	0.5725714950918508  	0.154904191723117   	0.08296457991183288 	1.5907590759075876  
41000     	0.4802527646129542  	85198.42271800003   	148891.15122600002  	0.5722195175230959  	0.15534156811434924 	0.08320594654131779 	1.5921052631578916  
41055     	0.4810725552050473  	85788.29193200004   	150134.99910000002  	0.571407682727325   	0.15582062255457063 	0.08348045160686865 	1.5914754098360624  
41194     	0.4788732394366197  	86107.43876400004   	150725.72899        	0.5712856016089521  	0.1551643321142386  	0.0831886470936941  	1.5928104575163367  
41250     	0.4789391575663027  	86146.05058900003   	150768.958327       	0.5713778986398478  	0.15522958538066747 	0.08327194229383073 	1.5941368078175864  
41416     	0.4760432766615147  	86415.28530400003   	151104.210862       	0.5718919731689087  	0.15415813865605793 	0.0827091284920535  	1.5954545454545423  
41444     	0.47685185185185186 	86518.69196500003   	151229.652001       	0.5721013757568385  	0.15430100592166554 	0.08279195063317679 	1.5944983818770195  
41500     	0.47692307692307695 	86796.19247500003   	151580.900812       	0.5726063904492165  	0.1542270390221241  	0.08272368122164084 	1.5958064516129     
41638     	0.47480916030534354 	86932.33400100004   	151829.215489       	0.5725665756818606  	0.15338967085594324 	0.08222603638449312 	1.5951768488745948  
41777     	0.4727272727272727  	87013.78196600004   	151946.503026       	0.5726606419570635  	0.15243419852282464 	0.08167769755477632 	1.594230769230766   
41861     	0.4720965309200603  	87129.83523200004   	152140.183047       	0.5726944288287297  	0.1518904468368095  	0.08137786602197222 	1.5936102236421692  
41944     	0.47147147147147145 	87617.84103200004   	153117.472476       	0.572226275781384   	0.15138343461649667 	0.08110875596166892 	1.592993630573245   
41972     	0.47226386806596704 	87682.68635600003   	153187.15372899998  	0.5723892912790686  	0.15134274923851096 	0.08108485802601999 	1.594285714285711   
42000     	0.47305389221556887 	87802.68940800003   	153399.71581099997  	0.5723784359299569  	0.15131458859105396 	0.0810668190074297  	1.5955696202531613  
42051     	0.47313432835820896 	88110.69316200004   	153958.53142099996  	0.572301465522954   	0.15107871404687423 	0.08094379945679092 	1.5949526813880093  
42103     	0.4725111441307578  	88483.48193800004   	154702.18079099996  	0.571960146169754   	0.15064080443295688 	0.08071950054836792 	1.594339622641506   
42172     	0.4711964549483013  	88789.28003700005   	155332.12768199996  	0.571609243766826   	0.15000346498003506 	0.08039668138953449 	1.5937304075235075  
42206     	0.47128129602356406 	89012.49250100004   	155617.17248899996  	0.5719965931606426  	0.14984887404506333 	0.08031710315181435 	1.5949999999999966  
42224     	0.47205882352941175 	89125.57604500004   	155747.35027099997  	0.5722445735989843  	0.14993200568511045 	0.0803568467409003  	1.5940809968847318  
42241     	0.47283406754772395 	89247.75742400004   	156023.03049799998  	0.5720165615238713  	0.1500191502232409  	0.08039864249760507 	1.5934782608695617  
42293     	0.4722222222222222  	89303.91852700005   	156110.177091       	0.5720569932794507  	0.14967510581271384 	0.08020691277947346 	1.5947368421052597  
42310     	0.472992700729927   	89742.11996800004   	156965.276136       	0.571732310337507   	0.14979951328909433 	0.08027550814098686 	1.5941358024691323  
42327     	0.4737609329446064  	89975.19689700005   	157407.711579       	0.5716060286655217  	0.14990984605560767 	0.08033732266837633 	1.593538461538458   
42362     	0.4738372093023256  	90212.27922000004   	157887.333286       	0.5713712261932239  	0.14979811973586335 	0.08028124525450021 	1.594785276073616   
42379     	0.4746008708272859  	90844.79529300005   	159190.09166600002  	0.5706686536973882  	0.14994881563278098 	0.0803832335706991  	1.5941896024464797  
42396     	0.4753623188405797  	91308.66102700005   	160010.31566700002  	0.5706423404414996  	0.15012675244492082 	0.0805060973703163  	1.5935975609756061  
42431     	0.4754335260115607  	91654.04739600005   	160646.55457500002  	0.5705322945672646  	0.15007109216423611 	0.08050639593657445 	1.5930091185410298  
42482     	0.4748201438848921  	92140.60127000006   	161549.38812400002  	0.5703556190462074  	0.14982713662011107 	0.08041787048420995 	1.5942424242424205  
42500     	0.4755747126436782  	92525.46319100006   	162223.52747300002  	0.570357855190886   	0.15005127095774012 	0.08057856144332164 	1.5936555891238633  
42551     	0.474964234620887   	93186.99652700005   	163671.741895       	0.5693529955023153  	0.14989456656236733 	0.08054933119121316 	1.5948795180722855  
42568     	0.4757142857142857  	93399.83319900006   	164079.24475        	0.5692361233214419  	0.15014337899579805 	0.08073312505699957 	1.5942942942942904  
42586     	0.4764621968616263  	93455.72078800006   	164165.65150900002  	0.5692769463585174  	0.15039661478953825 	0.08091821808785028 	1.5934131736526906  
42620     	0.47652916073968704 	93802.26396500006   	164924.524684       	0.568758734607408   	0.15045729325061263 	0.08100772223043053 	1.5928358208955185  
42637     	0.4772727272727273  	93969.10363200006   	165322.148931       	0.568399964793705   	0.15069837945049772 	0.08122081454996084 	1.5940476190476152  
42672     	0.4773371104815864  	94288.67077200006   	165689.647559       	0.5690679662917687  	0.15077371643324272 	0.08132177237364123 	1.5952522255192838  
42689     	0.4780763790664781  	94499.26798900006   	165942.785267       	0.5694689759301789  	0.15109323009723089 	0.08153979444265178 	1.594378698224848   
42724     	0.4781382228490832  	94526.33729100006   	165985.366571       	0.5694859688162123  	0.1511681145843759  	0.08162419837493066 	1.5935103244837716  
42775     	0.47752808988764045 	94593.65405300006   	166069.060081       	0.5696043200754078  	0.15101150651981934 	0.08157696908070759 	1.592647058823525   
42810     	0.47759103641456585 	94805.65518700007   	166509.0617         	0.5693723465802226  	0.15107990589264034 	0.08165767920142293 	1.5938416422287347  
42827     	0.4783216783216783  	94962.08738200007   	166693.50807699998  	0.56968077807886    	0.15134732265908243 	0.08185056724732274 	1.5929824561403465  
42862     	0.4783821478382148  	95116.75608700007   	166876.68926699998  	0.569982281556502   	0.1514247154337204  	0.08193032781728216 	1.594169096209908   
42879     	0.479108635097493   	95225.98464300008   	166993.80345799998  	0.5702366355584567  	0.1517316196665469  	0.08212440915515878 	1.5933139534883676  
42896     	0.47983310152990266 	95546.09801700007   	167611.57262899997  	0.5700447559697247  	0.1520336511678573  	0.08231247746629278 	1.5927536231884012  
42913     	0.48055555555555557 	95822.14808200007   	167968.99607199998  	0.5704752086565182  	0.1523721955903858  	0.08250496132718385 	1.5919075144508623  
42931     	0.4812760055478502  	96479.81348200007   	169343.270879       	0.5697292427458621  	0.15276001756134103 	0.08273688627692036 	1.591354466858785   
42948     	0.481994459833795   	96692.59305300008   	169596.55380899998  	0.570133006133459   	0.1531828981235467  	0.0829708157309295  	1.5925287356321791  
42965     	0.4827109266943292  	96874.02024300008   	169830.35995299998  	0.5704163865036244  	0.15363799404892642 	0.08320698732718639 	1.5916905444126026  
42982     	0.48342541436464087 	97016.94729700008   	169988.82628299997  	0.5707254377736851  	0.15411387622468228 	0.08344351706196985 	1.592857142857138   
43000     	0.48413793103448277 	97337.98628600007   	170717.68732699996  	0.5701693117453889  	0.154615112294318   	0.08369924526966761 	1.5923076923076873  
43078     	0.48418156808803303 	97472.06884900008   	170886.46432299996  	0.5703908102678271  	0.1548688469188905  	0.08380080981000221 	1.5934659090909042  
43105     	0.4848901098901099  	97919.22701400008   	171745.90763999996  	0.5701400886899182  	0.15535757928275515 	0.08404104806830483 	1.5929178470254908  
43131     	0.48559670781893005 	98222.44659700007   	172331.05949099996  	0.569963690161899   	0.15581811612338953 	0.08425618326934568 	1.5923728813559272  
43157     	0.4863013698630137  	98880.72986200008   	173623.46314499996  	0.569512484493071   	0.15629978715262882 	0.08450881893946206 	1.5935211267605585  
43184     	0.48700410396716826 	98924.59385700009   	173669.93626599995  	0.5696126571123004  	0.15676565096583342 	0.08474050651082758 	1.5946629213483097  
43236     	0.4870395634379263  	99594.76922300008   	175105.96063599995  	0.5687685836693582  	0.15700523552788437 	0.08488852482486467 	1.595798319327726   
43315     	0.48641304347826086 	99660.56492100008   	175185.84642499994  	0.5688847983713483  	0.15700240008996869 	0.08489098961231431 	1.594972067039101   
43342     	0.4871099050203528  	100174.22979100008  	176222.67837499993  	0.5684525437630134  	0.15745440045842518 	0.08514863482150893 	1.5944289693593263  
43394     	0.4871447902571042  	100665.08686600009  	177068.22976899994  	0.5685101556463628  	0.15771166355898777 	0.08529310794467874 	1.5938888888888838  
43421     	0.48783783783783785 	100707.91833800009  	177111.64163699994  	0.5686126411972766  	0.15818688311704915 	0.08555228424191393 	1.5950138504155074  
43473     	0.48787061994609165 	101103.37497300009  	177831.93486499993  	0.568533289871429   	0.15843231049753967 	0.08569091898816751 	1.5944751381215418  
43526     	0.4879032258064516  	101854.86822400009  	179407.80584499994  	0.5677281863198194  	0.15873221762058065 	0.08586811234257889 	1.5939393939393887  
43552     	0.4885906040268456  	102463.82940800009  	180765.92674099994  	0.5668315442810719  	0.15925510658667621 	0.08617954474729805 	1.5934065934065882  
43578     	0.48927613941018766 	102544.52161500009  	180866.56750299994  	0.5669622807061855  	0.15974725649785385 	0.08645314646504426 	1.5945205479452003  
43631     	0.4893048128342246  	102696.7161370001   	181180.56853699993  	0.5668197034939086  	0.15999398781173507 	0.08660275427739372 	1.593989071038246   
43657     	0.48998664886515353 	102926.2222500001   	181466.41557799993  	0.5671915760399158  	0.16048951384642896 	0.08687022830342785 	1.595095367847406   
43684     	0.49066666666666664 	103577.2831790001   	182752.56366299992  	0.5667624087068845  	0.1609454325020605  	0.08710125439041745 	1.594565217391299   
43763     	0.4900398406374502  	103671.0022350001   	182858.25528799993  	0.5669473443882492  	0.16095955954729163 	0.08709867354522997 	1.595663956639561   
43789     	0.4907161803713528  	103816.38433800009  	183085.74430499994  	0.5670369625559369  	0.1614094233636601  	0.08733359581655137 	1.5967567567567513  
43868     	0.4900924702774108  	103982.89317800009  	183323.97105899994  	0.5672083829371928  	0.1613689831697034  	0.08728206738734587 	1.5962264150943342  
43894     	0.49076517150395776 	104051.50439100008  	183404.38734599994  	0.5673337802694034  	0.16176372832461222 	0.08746164132124626 	1.5954301075268762  
43921     	0.4914361001317523  	104226.26113300008  	183721.45943799993  	0.5673058631899943  	0.16214857485812417 	0.08764690164376215 	1.5965147453083055  
43973     	0.4914586070959264  	104361.44316500008  	183872.29957299994  	0.5675756675005149  	0.16233608128197588 	0.08771735706146234 	1.597593582887695   
44051     	0.49148099606815204 	104685.04193200008  	184515.56371599995  	0.5673507417137327  	0.162540816805572   	0.08780154271612152 	1.597066666666661   
44076     	0.49214659685863876 	104749.82390100008  	184586.95030299993  	0.5674822826264424  	0.16293743359193022 	0.0879814039359495  	1.5981382978723349  
44128     	0.49216710182767626 	105406.55126400008  	185884.65862999993  	0.5670535268529606  	0.16308662782086683 	0.08807326912539516 	1.5976127320954852  
44153     	0.49282920469361147 	105736.36230900008  	186584.88176999992  	0.5666930852379537  	0.16346541397343053 	0.08829823601304547 	1.5986772486772431  
44205     	0.4928478543563069  	105909.52561100008  	186796.55006499993  	0.5669779531482062  	0.16363892603249894 	0.08838852350673788 	1.5978891820580419  
44230     	0.4935064935064935  	106116.32161900008  	187084.93991199994  	0.5672093203702796  	0.1640405084489347  	0.08859833766781144 	1.598947368421047   
44282     	0.49352331606217614 	106260.60476800008  	187307.97235699993  	0.5673042285967012  	0.16420842784208234 	0.08867793715628515 	1.598425196850388   
44358     	0.49290322580645163 	106439.03698400008  	187607.20548799992  	0.5673504741309541  	0.16401455097853104 	0.08855369263557046 	1.597905759162298   
44487     	0.491025641025641   	107141.02519700008  	188792.51693799993  	0.5675067366795346  	0.16341311339883025 	0.0882203673499983  	1.5989556135770178  
44512     	0.49167733674775926 	107837.91641600008  	190157.6308059999   	0.5670974967395184  	0.16369723888149437 	0.08837464183934893 	1.5984374999999942  
44538     	0.49232736572890023 	108299.18333700008  	191178.10281299992  	0.566483199401411   	0.16398631933728103 	0.08855474904191665 	1.5979220779220722  
44564     	0.4929757343550447  	108472.64484800008  	191532.0166639999   	0.5663421016356294  	0.16425018890377063 	0.08874031986319117 	1.5989637305699425  
44666     	0.49174078780177893 	108591.40244900009  	191663.3523879999   	0.5665736359926     	0.16388976685693254 	0.08857962903340223 	1.5981912144702783  
44692     	0.49238578680203043 	109298.3434510001   	193119.47658199992  	0.5659623016044746  	0.16420169931031783 	0.08879624625189905 	1.5976804123711281  
44743     	0.49240506329113926 	109616.2529870001   	193712.0323849999   	0.5658721951207417  	0.16432466316806324 	0.08891387234700505 	1.59717223650385    
44897     	0.4899497487437186  	110045.7884840001   	194581.61715799992  	0.5655507960684854  	0.16359632090342877 	0.08859493704270076 	1.5982051282051222  
44923     	0.4905897114178168  	110186.8227280001   	194753.23586599992  	0.5657765953825497  	0.16391713642319236 	0.08883628305545765 	1.599232736572884   
45000     	0.49                	110795.8840520001   	196179.28081599993  	0.5647685300463383  	0.1638071331113102  	0.08888848059573151 	1.6002551020408105  
45046     	0.49063670411985016 	110877.0652270001   	196273.01461899994  	0.5649124279373391  	0.16407334545450092 	0.08912694278169625 	1.5994910941475766  
45093     	0.49066002490660027 	111356.3964540001   	197108.94127199994  	0.5649484784169895  	0.16412827355728082 	0.08924333828922794 	1.598984771573598   
45116     	0.49129353233830847 	111436.95963300011  	197262.68234499995  	0.5649165787886019  	0.16439406052257355 	0.08947333175138823 	1.5984810126582218  
45139     	0.4919254658385093  	111741.49295700011  	197806.92890699994  	0.5649018139780938  	0.16462867736144415 	0.08967670197345791 	1.5979797979797918  
45162     	0.49255583126550867 	112003.74307000011  	198131.99236399995  	0.5652986261008845  	0.16489893475068707 	0.08988274383820383 	1.598992443324931   
45302     	0.49014778325123154 	112537.67329000011  	199199.43104099995  	0.5649497727071178  	0.1641398103519926  	0.08952022266417775 	1.5984924623115515  
45348     	0.49017199017199015 	112598.5363130001   	199288.61463199995  	0.5650023536011879  	0.16420268696387805 	0.08960247895595648 	1.5977443609022495  
45441     	0.4889975550122249  	112963.5148170001   	200110.65551199994  	0.5645052459998867  	0.16384235097915775 	0.0894629959450632  	1.5972499999999936  
45581     	0.4866504854368932  	113437.46005200011  	201023.47120299994  	0.5642995784181208  	0.16291272928048495 	0.08900334040435104 	1.5967581047381483  
45674     	0.4855072463768116  	113542.14917900012  	201266.90146699993  	0.5641372145713521  	0.1623892518761923  	0.08877123512446869 	1.5977611940298444  
45697     	0.48612786489746684 	114120.32289600011  	202374.18086099994  	0.5639075222465424  	0.16247088256385273 	0.08888674366646594 	1.5972704714640136  
45790     	0.4849939975990396  	114287.31996400011  	202724.36929499995  	0.5637571859833573  	0.16193768991123972 	0.08867951662266522 	1.5982673267326668  
45837     	0.48502994011976047 	114376.05396800011  	202900.21852299996  	0.5637059181138088  	0.16176668717843762 	0.08865265706415276 	1.599259259259253   
45860     	0.48564593301435405 	114875.14227900011  	203941.81082999997  	0.563274111431504   	0.16180943842005213 	0.08875775591279583 	1.6002463054187128  
45883     	0.4862604540023895  	115283.8556830001   	204742.10403799996  	0.5630686283345194  	0.16187354876089333 	0.08888220491956152 	1.5997542997542933  
45930     	0.4862932061978546  	115497.5574660001   	205075.39532599997  	0.5631955861033371  	0.16176174617770675 	0.08890637780748181 	1.5992647058823466  
46060     	0.4851720047449585  	116242.8003490001   	206382.95813499996  	0.5632383671570544  	0.1612128213052529  	0.08866506240653756 	1.598777506112463   
46151     	0.4846335697399527  	116329.8780440001   	206484.54505399996  	0.5633829786804501  	0.1608686015679428  	0.08853129975945802 	1.5997560975609693  
46181     	0.4852420306965762  	116520.6058080001   	206721.62895699995  	0.5636594796388601  	0.16092634159907954 	0.08860965883649724 	1.5990267639902611  
46242     	0.48527679623085984 	116568.14848200009  	206776.23418099995  	0.5637405524077931  	0.1607893805419223  	0.08857632757610767 	1.5983009708737799  
46272     	0.4858823529411765  	116596.82536000009  	206806.77193299995  	0.5637959737497109  	0.16084500055558731 	0.08864744489968122 	1.5992736077481775  
46363     	0.48534583821805394 	117147.6334630001   	207772.16988099995  	0.563827357292825   	0.16055624219527106 	0.08853238604470548 	1.5987922705313944  
46424     	0.4853801169590643  	117407.6413810001   	208109.86397699994  	0.5641618284560306  	0.16044785259793767 	0.08850961893004325 	1.5983132530120414  
46454     	0.48598130841121495 	117612.1906640001   	208479.81952999995  	0.564141848017457   	0.16053309643344313 	0.08859694703856232 	1.5992788461538394  
46515     	0.486013986013986   	117703.4432580001   	208571.54305599994  	0.5643312675037245  	0.16041655913126956 	0.08855263397153887 	1.59856115107913    
46545     	0.48661233993015135 	117799.9624050001   	208681.52081099994  	0.5644963768099522  	0.16049242774202618 	0.08861213090791047 	1.5978468899521463  
46575     	0.4872093023255814  	117900.8825610001   	208791.23575799994  	0.5646831014384791  	0.1605610748986807  	0.08866595311992911 	1.5988066825775589  
46696     	0.4861111111111111  	118448.7877260001   	209970.46561999994  	0.5641211842639153  	0.16009533358296815 	0.08843872189463582 	1.5997619047618978  
46787     	0.4855824682814302  	118751.0981940001   	210502.24203499994  	0.5641322251297233  	0.1597839387179254  	0.08829369243880102 	1.6007125890736273  
46848     	0.4856156501726122  	119094.41703600009  	211149.82568399995  	0.5640280149424938  	0.1596674383730757  	0.0882626697200732  	1.6016587677725052  
46909     	0.4856486796785304  	119609.8509670001   	212157.92665999994  	0.5637774315106522  	0.15955913195374544 	0.08824639150670825 	1.60118203309692    
46939     	0.48623853211009177 	119800.82662900009  	212540.49027599994  	0.5636611945019494  	0.15964535703108101 	0.08833926249689888 	1.6007075471698045  
46969     	0.4868270332187858  	119879.72686600008  	212628.75573299994  	0.5637982804947336  	0.1597091258620765  	0.08841079343376836 	1.6016470588235225  
47000     	0.4874141876430206  	120050.62618900009  	212836.93031599995  	0.5640497915975408  	0.1597948953160024  	0.08848387127855094 	1.6009389671361434  
47045     	0.488               	120533.78617700009  	213769.14574399995  	0.5638502495647608  	0.15987140191828356 	0.08855133521561996 	1.601873536299759   
47068     	0.4885844748858447  	121018.86143100008  	214740.98568499996  	0.5635573528032543  	0.15996892370175725 	0.08864085668532366 	1.6014018691588716  
47090     	0.48916761687571264 	121036.02953900008  	214759.24152699998  	0.5635893881837126  	0.16006823157285707 	0.0887302196029799  	1.6006993006992936  
47113     	0.489749430523918   	121135.73317200008  	214944.741246       	0.5635668612769765  	0.1601575598526392  	0.08879779976534352 	1.6002325581395278  
47159     	0.48977272727272725 	121797.66513000008  	216160.71164199998  	0.5634588459891747  	0.16009130920385167 	0.08879049171363099 	1.599767981438508   
47204     	0.4897959183673469  	121869.93943300008  	216257.60711699998  	0.5635405896591922  	0.16003415279349933 	0.08878444133704771 	1.6006944444444373  
47227     	0.49037372593431483 	122425.79569400007  	217347.93832499997  	0.5632710235831039  	0.1601903769940124  	0.08890397926702485 	1.6016166281755126  
47250     	0.49095022624434387 	122540.57812700007  	217486.65199699998  	0.5634395352625613  	0.1603487685360784  	0.08902436908415601 	1.600921658986168   
47295     	0.4909706546275395  	123195.09036400008  	218681.82669199997  	0.5633531246174966  	0.1603517546253429  	0.08906656506089139 	1.6004597701149352  
47318     	0.4915445321307779  	123318.30036900008  	218830.882868       	0.5635324354258826  	0.16055133606565242 	0.08921034698575356 	1.5997706422018276  
47340     	0.49211711711711714 	123355.64724400008  	218880.99418699997  	0.5635740448922292  	0.16075637010988642 	0.08935434676403445 	1.600686498855828   
47363     	0.49268841394825647 	123520.82861200008  	219089.52709099997  	0.5637915707431103  	0.16096808695723264 	0.08948904201038936 	1.5999999999999925  
47454     	0.4916013437849944  	123639.18985600008  	219281.83453699996  	0.5638369002022288  	0.16058972489741685 	0.08930835906511472 	1.599544419134389   
47477     	0.49217002237136465 	123749.59367100008  	219395.25874399996  	0.5640486233815861  	0.1607656643040913  	0.08942854579816169 	1.5988636363636288  
47500     	0.49273743016759775 	124276.36816500008  	220391.28417499995  	0.5638896684603889  	0.16097212858010723 	0.08956882063637273 	1.598412698412691   
47636     	0.49056603773584906 	124467.03479700007  	220625.97103299995  	0.5641540486563253  	0.16029073529179444 	0.08921080830806512 	1.5977375565610783  
47659     	0.4911308203991131  	124915.29644900007  	221518.09586399994  	0.5639056076289644  	0.1605096474325461  	0.08934555483283332 	1.5972911963882541  
47681     	0.49169435215946844 	124985.63536400007  	221608.52331899994  	0.5639929073670437  	0.16073996822653167 	0.08948082544199887 	1.5966216216216138  
47704     	0.4922566371681416  	125060.18117300008  	221698.50292299993  	0.5641002511254477  	0.1609597204012374  	0.08960585987395003 	1.5975280898876327  
47772     	0.49173098125689085 	125184.53843600008  	221900.85668799994  	0.5641462602013012  	0.16079259851135416 	0.08951470799199987 	1.5970852017937143  
47795     	0.4922907488986784  	125569.46256800008  	222550.46969699993  	0.5642291509829728  	0.16099845479487399 	0.08963402126816787 	1.5979865771812003  
47818     	0.49284928492849284 	125839.83754300007  	222894.56588799992  	0.5645711327311231  	0.16119554267802558 	0.08973400390774101 	1.5973214285714208  
47863     	0.49286498353457736 	125930.51933200007  	223011.01631099993  	0.5646829534034485  	0.16122493353185594 	0.08973642206819499 	1.5982182628062283  
47931     	0.4923413566739606  	126235.16552600007  	223366.93886199992  	0.5651470453467171  	0.1610894738126759  	0.08962248691714861 	1.5975555555555476  
47954     	0.492896174863388   	126341.60806000007  	223483.36873799993  	0.5653289046672474  	0.16130311973341874 	0.08968738373420478 	1.5968957871396816  
48052     	0.4923747276688453  	126471.32747600008  	223632.46648599993  	0.5655320511519626  	0.1611684176129665  	0.0895563810959905  	1.5962389380530893  
48184     	0.49079089924160346 	127199.74763900008  	224943.87507899993  	0.5654732656949549  	0.16065890432971736 	0.08922772493776983 	1.5971302428255991  
48236     	0.4908108108108108  	127510.53446700008  	225450.85574699994  	0.5655801750874341  	0.16068699690273258 	0.0892019866116224  	1.5966960352422828  
48289     	0.49083063646170444 	128006.30639500008  	226655.82749499995  	0.5647607114704515  	0.16069843823968788 	0.0891990761509651  	1.5962637362637282  
48342     	0.4908503767491927  	128253.72025800007  	227062.92897699995  	0.5648377779491753  	0.16071309679006882 	0.08920193527310966 	1.5958333333333252  
48368     	0.4913978494623656  	128330.14522200008  	227184.28693499995  	0.5648724520226912  	0.16090511973473914 	0.08930287314768985 	1.5967177242888322  
48500     	0.4898395721925134  	128415.62039500008  	227343.98001799994  	0.5648516419253009  	0.16039019599022744 	0.08900507411963897 	1.5962882096069788  
48605     	0.48881789137380194 	129101.67942900008  	228616.31573199993  	0.5647089492087788  	0.1600182482666185  	0.08879248651341048 	1.5958605664487935  
48631     	0.48936170212765956 	129337.31623800009  	228904.52523499992  	0.5650273453756264  	0.1601712274747747  	0.08886557297403917 	1.5967391304347744  
48684     	0.4893842887473461  	129719.12187700009  	229566.4836749999   	0.5650612397785604  	0.16012671297431644 	0.08884039155118119 	1.5963123644251545  
48736     	0.4894067796610169  	130398.35311900008  	231120.6482989999   	0.5642003606285503  	0.16010303609286725 	0.08885144354332179 	1.597186147186139   
48789     	0.4894291754756871  	130742.78615800008  	231533.3182919999   	0.5646823840407836  	0.1601029617706837  	0.08886511977560232 	1.5980561555075512  
48842     	0.48945147679324896 	130974.76862800008  	231951.82563699989  	0.5646636678470168  	0.16003481790647064 	0.08883157663549704 	1.5989224137930953  
48868     	0.48998946259220233 	131164.3554350001   	232339.49693099989  	0.5645374857377489  	0.16012795982929098 	0.08889948548523133 	1.5984946236559059  
48921     	0.4900105152471083  	131262.4602900001   	232443.93331399988  	0.5647058988314507  	0.16006606707657028 	0.08887394220483008 	1.5978540772532106  
48973     	0.4900314795383001  	131843.0079750001   	233613.00913699987  	0.5643650088753498  	0.16003181104620828 	0.08887207900498043 	1.598715203426116   
49054     	0.4900523560209424  	131912.7618660001   	233691.57354899988  	0.5644737628434042  	0.15997988095311186 	0.08885610305874693 	1.5995726495726414  
49081     	0.4905857740585774  	132004.2380680001   	233792.26501199987  	0.5646219222061291  	0.16009186055423955 	0.08892685142795595 	1.5989339019189683  
49108     	0.49111807732497387 	132176.42745100008  	233987.91502099988  	0.5648857012087036  	0.1602197808239846  	0.08899849049411881 	1.598297872340417   
49162     	0.49113660062565173 	132264.4651150001   	234083.0661549999   	0.5650321797622907  	0.16016584738853973 	0.08897521805784811 	1.5976645435244077  
49486     	0.486096807415036   	132318.2596360001   	234146.81633299988  	0.5651080877726699  	0.1583522963191084  	0.08800632726898346 	1.5970338983050762  
49513     	0.48662551440329216 	132625.3510160001   	234827.4341179999   	0.5647779251778409  	0.15836643276639212 	0.0880608807741982  	1.5966173361522114  
49540     	0.48715313463514903 	133324.9143350001   	236265.3903629999   	0.5643015006563539  	0.1584101341811032  	0.08814660755861789 	1.5974683544303712  
49621     	0.48668032786885246 	133685.1869520001   	236897.5697029999   	0.564316413712484   	0.15815064055512526 	0.08806336390198745 	1.5970526315789388  
49675     	0.4867075664621677  	134293.9016510001   	238056.8889899999   	0.5641252484679887  	0.15807551675787446 	0.08809424619937856 	1.5966386554621763  
49756     	0.48623853211009177 	134678.0403410001   	238817.42942399989  	0.5639372329977256  	0.15783185698379845 	0.0880439878773406  	1.5974842767295512  
49810     	0.4862665310274669  	134887.7193470001   	239229.65091299987  	0.5638419770802342  	0.15776172134067518 	0.0880906255266613  	1.5970711297071043  
49837     	0.4867886178861789  	135166.4781270001   	239734.09883099986  	0.5638183253283692  	0.15785966919592218 	0.0882379868424667  	1.5979123173277576  
49891     	0.486815415821501   	135282.2209940001   	239892.40825899987  	0.5639287294491729  	0.15773868608786923 	0.0882477007172187  	1.5974999999999915  
49945     	0.4868421052631579  	135507.2233490001   	240209.95781199986  	0.5641199248494716  	0.15758932871307385 	0.0882051713591882  	1.5983367983367898  
49972     	0.487360970677452   	135581.2072250001   	240295.14713599987  	0.5642278208317923  	0.1576082874393172  	0.08825241498740456 	1.5991701244813192  
50000     	0.48787878787878786 	135768.9914970001   	240533.36969799988  	0.5644497130168009  	0.1576458334612096  	0.08830173423981601 	1.5999999999999914  
50068     	0.4883955600403633  	135857.0633010001   	240644.3080439999   	0.564555481927957   	0.1576799743507536  	0.08833769363800868 	1.5993801652892476  
50344     	0.4854854854854855  	136004.2653550001   	240961.3102119999   	0.564423663016035   	0.15659855566610073 	0.08774595898541147 	1.6002061855670018  
50379     	0.486               	136098.7387260001   	241141.6745749999   	0.5643932719877943  	0.15662818420049984 	0.08777714547476281 	1.6010288065843534  
