25738     	0.5                 	397.746648          	727.3995969999999   	0.5468062529047567  	0.007411300687399607	0.0070457193589994775	0.0
25833     	0.3333333333333333  	487.733921          	890.3102959999999   	0.5478246440497191  	0.005854134513469969	0.00517964330278184 	0.0
25857     	0.42857142857142855 	610.728412          	1097.975753         	0.5562312376491979  	0.008964621961963015	0.007316073327220047	0.0
25880     	0.5                 	936.3467880000001   	1718.070248         	0.5449991285804514  	0.01269952139236821 	0.010479824266485067	0.0
25976     	0.4166666666666667  	1361.510634         	2417.7100849999997  	0.5631405694368025  	0.013852408675894079	0.01067555813532989 	0.0
26000     	0.46153846153846156 	1443.766988         	2537.92766          	0.568876335899976   	0.018097515210901693	0.013446373176181019	0.0
26156     	0.35                	1547.8142420000001  	2654.6955249999996  	0.5830477459368906  	0.015106918938258506	0.010477173566310073	0.0
26254     	0.32                	1800.6579450000002  	3169.3899999999994  	0.5681402241440784  	0.014687753367840718	0.009571501514312073	0.0
26333     	0.3103448275862069  	2545.934826         	4467.874801         	0.5698312820740118  	0.016140707934842694	0.010028854067683345	0.0
26411     	0.30303030303030304 	2655.562273         	4612.211847         	0.5757676275705556  	0.017495144844954586	0.010421523573844375	0.0
26470     	0.3055555555555556  	3042.896554         	5069.4553989999995  	0.6002413108517024  	0.02010117560998981 	0.011126539146995695	0.0
26490     	0.32432432432432434 	3138.09737          	5247.999311         	0.5979607054106185  	0.023661479847080093	0.012439378484042368	0.0
26588     	0.30952380952380953 	3189.329325         	5312.819328         	0.60030825972029    	0.02459618442813969 	0.01239076850040519 	0.0
26607     	0.32558139534883723 	3804.933695         	6478.328716         	0.587332607189672   	0.028408189575423272	0.01402870594344464 	0.0
26647     	0.3333333333333333  	3879.1855910000004  	6568.2173999999995  	0.5905994510778527  	0.03150692831650205 	0.015256737849088957	0.0
26666     	0.34782608695652173 	4419.298511000001   	7476.318146         	0.591106267108821   	0.03563532482535594 	0.017118094228308952	0.0
26745     	0.34                	4948.500797000001   	8505.342959         	0.581810847705289   	0.03748935127420029 	0.017998646456781123	0.0
26764     	0.35294117647058826 	5077.850002000001   	8760.815391         	0.5796092915296999  	0.04147547308111534 	0.019946233012626158	0.0
26784     	0.36538461538461536 	5269.454714000001   	9182.135363         	0.5738811840254071  	0.04540452115369788 	0.021925686839643424	0.0
26803     	0.37735849056603776 	5423.025404000002   	9464.837211999999   	0.5729655230757077  	0.04933817953957707 	0.023944817065150406	0.0
26921     	0.3559322033898305  	5452.452242000002   	9495.517047999998   	0.5742133065990788  	0.04866966184775964 	0.023695955588348444	0.0
26960     	0.36065573770491804 	5990.000165000002   	10510.130137999999  	0.5699263554637446  	0.0517723264601469  	0.025294839878855186	0.0
27048     	0.359375            	6532.714219000002   	11514.915735999999  	0.5673262721824578  	0.0530282696284627  	0.02622766837820935 	0.0
27097     	0.36363636363636365 	6775.853850000002   	11928.273025999999  	0.5680498623087102  	0.05519327982178832 	0.027581513013045445	0.0
27121     	0.373134328358209   	6891.008851000002   	12173.340112999998  	0.5660737962657466  	0.058132680169639225	0.029370224745820545	0.0
27146     	0.38235294117647056 	7219.406650000003   	12863.742745999998  	0.5612213173529834  	0.06123182216895967 	0.03130468976313566 	0.0
27317     	0.36                	7348.1745930000025  	13104.482834999999  	0.5607374732388669  	0.059136780405699516	0.030597081906537607	0.0
27341     	0.3684210526315789  	7467.709054000003   	13250.202721        	0.5635920605323698  	0.061963130844515234	0.03227961424786363 	0.0
27439     	0.3625              	7563.522336000003   	13442.311881        	0.5626652917263915  	0.062017857873932006	0.03242233550781409 	0.0
27487     	0.36585365853658536 	7882.705213000003   	14089.216907        	0.5594849781242     	0.063634147889072   	0.0334938442547634  	0.0
27560     	0.36470588235294116 	8092.951199000003   	14454.011156        	0.5599104021474717  	0.06438043343525021 	0.034102411792633285	0.0
27658     	0.3595505617977528  	8218.798187000002   	14702.996234        	0.5589879815104905  	0.063596027263909   	0.03388329077673029 	0.0
27707     	0.3626373626373626  	8248.883895000003   	14738.646518        	0.5596771647196921  	0.06428911545840778 	0.034425349573847346	0.0
27756     	0.3655913978494624  	8301.362441000003   	14804.374506        	0.5607371279101039  	0.06500275579810773 	0.03494994692986089 	0.0
27853     	0.36082474226804123 	9003.859816000004   	16248.643071        	0.5541299526770807  	0.06458644970765451 	0.03498548894279481 	0.0
27878     	0.3673469387755102  	9278.467028000005   	16586.172709        	0.5594097680512706  	0.06634128048189158 	0.03600123482005308 	0.0
27902     	0.37373737373737376 	9351.972058000005   	16673.229508999997  	0.5608974585848489  	0.06800649888412993 	0.03686490276860305 	0.0
28000     	0.36893203883495146 	9838.894431000004   	17644.275294999996  	0.5576253071605686  	0.06788662819732633 	0.03679351688798294 	0.0
28052     	0.375               	9988.142771000004   	17980.737948999995  	0.5554912595539773  	0.06942663212253597 	0.037672851910734724	0.0
28078     	0.38095238095238093 	10078.448462000004  	18091.251663999996  	0.5570896170802395  	0.07063313922345392 	0.03825256832862979 	0.0
28131     	0.38317757009345793 	10215.394331000003  	18377.356612999996  	0.5558685368152302  	0.07119726187379813 	0.038500291336160314	0.0
28315     	0.3684210526315789  	10322.469424000003  	18572.114315999996  	0.5558047537488572  	0.06839990232347186 	0.0369327019535701  	0.0
28342     	0.3739130434782609  	10398.519124000002  	18743.355839999997  	0.5547842773068755  	0.06914230481207838 	0.0372656888467695  	0.0
28368     	0.3793103448275862  	10855.482810000001  	19578.576074999997  	0.5544572173387744  	0.07008641957956241 	0.03773361234319149 	0.0
28394     	0.38461538461538464 	11379.7363          	20488.227634        	0.5554280488916205  	0.07119829723421583 	0.03829660871655186 	0.0
28421     	0.3898305084745763  	11500.509975        	20619.119887        	0.5577594988547923  	0.07217188618119276 	0.038707107159093875	0.0
28473     	0.39166666666666666 	12225.294572        	22145.220922        	0.5520511452588344  	0.07245015526810424 	0.03880504198384898 	0.0
28631     	0.38095238095238093 	12519.466125        	22761.623726        	0.5500251772767575  	0.07034611739493671 	0.037714305955198   	0.0
28657     	0.3858267716535433  	12626.905249000001  	22954.29732         	0.5500889473100194  	0.07117714136669001 	0.038190367511421394	0.0
28763     	0.3816793893129771  	12832.126818        	23394.519173        	0.5485099618037788  	0.07041975648955613 	0.03784148376210952 	0.0
28815     	0.38345864661654133 	12857.959537        	23420.429554000002  	0.5490061361749864  	0.07050237292792544 	0.03803250887800592 	0.0
28868     	0.3851851851851852  	13402.893889        	24534.736339000003  	0.5462823689568241  	0.07077332818561455 	0.038374622759039786	0.0
28921     	0.38686131386861317 	13635.501679        	24979.385796000002  	0.5458701743252422  	0.07103856106175828 	0.03876346298780015 	0.0
29120     	0.3724137931034483  	14032.140113000001  	25720.228954000002  	0.5455682427281708  	0.06826670566149266 	0.037478570456136825	0.0
29140     	0.3767123287671233  	14083.813801000002  	25779.534215000003  	0.5463176209291336  	0.06897262107902362 	0.03807200264279155 	0.0
29160     	0.38095238095238093 	14146.782710000001  	25861.819694        	0.5470142038490078  	0.06973007588355763 	0.038661118220647925	0.0
29220     	0.38                	14351.384390000001  	26229.256936        	0.5471517712079192  	0.06933450756191677 	0.03851162588802514 	0.0
29260     	0.3815789473684211  	14508.624867        	26442.314986        	0.5486896618046361  	0.06933491094136454 	0.038496564484458096	0.0
29400     	0.3710691823899371  	14856.447794        	27113.28483         	0.5479397973041542  	0.06714573201489311 	0.037320111873838796	0.0
29420     	0.375               	15165.982602        	27790.205349        	0.5457312175833106  	0.0676756905027107  	0.037688643492561735	0.0
29440     	0.37888198757763975 	15559.106681        	28580.294397        	0.5443998044552403  	0.06830293641848276 	0.03814893602513837 	0.0
29460     	0.38271604938271603 	15860.159598999999  	29229.846612        	0.5426015336149175  	0.06902720989037912 	0.03868093864778048 	0.0
29560     	0.3772455089820359  	16100.393418999998  	29529.015002        	0.545239772403838   	0.06816376850303295 	0.038211444315347634	0.0
29600     	0.378698224852071   	16267.679255        	29849.636596        	0.5449875144268909  	0.06847458029388769 	0.03843882300273708 	0.0
29660     	0.37790697674418605 	16925.181987        	31167.264196        	0.5430435562314184  	0.06855972543189036 	0.038592910078329226	0.0
29740     	0.375               	17424.226632        	32237.463352        	0.5404962059745625  	0.06817495796272605 	0.03854433008359509 	0.0
29760     	0.3785310734463277  	17828.193893000003  	33042.336953        	0.5395560828024707  	0.06907291160302288 	0.03923509390523299 	0.0
29780     	0.38202247191011235 	18303.587976000003  	33841.238237        	0.5408663787008818  	0.07006969433200529 	0.040002193071172934	0.0
29800     	0.3854748603351955  	18658.899610000004  	34488.226426        	0.5410223007563365  	0.07118115105946834 	0.04083078115981494 	0.0
29880     	0.3825136612021858  	18857.627176000005  	34740.426071        	0.542815080547951   	0.07098599922444929 	0.04090472137244678 	0.0
29920     	0.3837837837837838  	18931.096187000006  	34817.481834        	0.54372387633483    	0.07140268458726279 	0.04126800801707741 	0.0
29960     	0.3850267379679144  	19489.948040000007  	35813.716407        	0.5442034503906046  	0.07198109323123351 	0.04171648751085531 	0.0
29980     	0.3882978723404255  	19579.70148400001   	35918.957949        	0.5451077258922851  	0.07295909872082339 	0.042382705301369096	0.0
30113     	0.38341968911917096 	20084.188026000007  	36777.718255        	0.5460966307573887  	0.07249410013135821 	0.04219661718244108 	0.0
30159     	0.38461538461538464 	20285.394296000006  	37135.178193        	0.5462581649823297  	0.07321403819363938 	0.042701010472387585	0.0
30204     	0.38578680203045684 	20705.161368000005  	38139.162551        	0.542884530836588   	0.07399508227612324 	0.043311667856578376	0.0
30227     	0.3888888888888889  	21397.813731000006  	39490.886585        	0.541841816717471   	0.07520042405942903 	0.04418713389509068 	0.0
30272     	0.39                	21540.390935000007  	39658.312116        	0.5431494631439349  	0.07609963656351883 	0.04483351435849246 	0.0
30409     	0.38349514563106796 	21653.466254000006  	39816.438113000004  	0.5438323285610569  	0.07546346334998591 	0.04453231236190864 	0.0
30431     	0.3864734299516908  	22224.697084000007  	40789.30003400001   	0.5448658610340105  	0.076833037821846   	0.045397924003378554	0.0
30522     	0.38388625592417064 	22451.607722000008  	41103.04161100001   	0.5462274041537476  	0.07697406692803223 	0.04545598090962953 	0.0
30568     	0.38497652582159625 	22979.680202000007  	42210.083123000004  	0.5444121049237766  	0.07783409540117328 	0.045983165916496094	0.0
30590     	0.3878504672897196  	23599.168930000007  	43530.325743        	0.542131686983641   	0.07913072798498798 	0.046845141586937665	0.0
30613     	0.39069767441860465 	23990.876527000008  	44377.575064000004  	0.5406080997531092  	0.08026783421767504 	0.04765694475858025 	0.0
30659     	0.391705069124424   	24161.843817000008  	44673.32327         	0.5408561989214197  	0.08101493105126752 	0.04822778660118278 	0.0
30681     	0.3944954128440367  	24336.513403000008  	44890.386618000004  	0.5421319626871208  	0.0822088002252555  	0.04902058624902234 	0.0
30727     	0.39545454545454545 	24813.621398000007  	45824.995889000005  	0.5414866039072871  	0.08302175008646592 	0.049655639555886324	0.0
30772     	0.3963963963963964  	24986.422822000008  	46203.84631200001   	0.5407866404297722  	0.08384788541981551 	0.05031562792150833 	0.0
30795     	0.3991031390134529  	25373.40736100001   	47001.19662300001   	0.53984598657183    	0.08512678492066872 	0.05125739246369035 	0.0
30818     	0.4017857142857143  	25747.48726400001   	47724.24548700001   	0.5395053814106622  	0.08634606429586193 	0.05218070985475603 	0.0
30863     	0.4026548672566372  	26078.74791400001   	48467.16457300001   	0.5380704265198114  	0.08714123978487266 	0.052907337648637316	0.0
31000     	0.39655172413793105 	26728.89841300001   	49714.789543000006  	0.5376448066803396  	0.08634483653567164 	0.052610451032801105	0.0
31265     	0.38114754098360654 	26890.88309800001   	50000.769939000005  	0.5378093803516701  	0.08327857282231617 	0.050887730218129486	0.0
31346     	0.3790322580645161  	27014.097954000008  	50201.96677100001   	0.5381083589259923  	0.0830250579053876  	0.0508205863433338  	0.0
31387     	0.38                	27394.81469600001   	50652.25244900001   	0.5408409966285882  	0.08359728824498176 	0.05117300007851983 	0.0
31408     	0.38247011952191234 	27780.05686300001   	51315.46338300001   	0.5413583943627234  	0.08460104560962138 	0.05177313703262437 	0.0
31591     	0.3730769230769231  	28044.61075900001   	51619.10544300001   	0.5432990463185777  	0.0828504813282568  	0.050581167649772496	0.0
31653     	0.3726235741444867  	28208.25996500001   	51971.47715600001   	0.5427642527905986  	0.08304047320190198 	0.05057129681156399 	0.0
31734     	0.3707865168539326  	28301.339121000008  	52076.84695000001   	0.5434533920260701  	0.08287815013350354 	0.05031046700987669 	0.0
31836     	0.36764705882352944 	28744.031132000007  	53020.93416800001   	0.5421260787469874  	0.08244745120019734 	0.04992941374481926 	0.0
31877     	0.3686131386861314  	29306.943194000007  	54200.21226400001   	0.5407163915013999  	0.08303191423881749 	0.050188693682069956	0.0
31918     	0.3695652173913043  	29628.107703000005  	54567.51692100001   	0.5429623588314276  	0.08365001205798954 	0.05040704426435831 	0.0
32166     	0.3626760563380282  	29783.519196000005  	54761.60383600001   	0.5438759479213877  	0.08234382409828636 	0.04954075694417838 	0.0
32200     	0.3649122807017544  	29889.236832000006  	54965.17103200001   	0.5437850236943478  	0.08312429848512345 	0.049932171162773084	0.0
32266     	0.36585365853658536 	30189.441635000006  	55657.248536000014  	0.5424170692784603  	0.08357072389672932 	0.05013586830575694 	0.0
32366     	0.36551724137931035 	30292.655034000007  	55784.348671000014  	0.5430314372344355  	0.08364809915357475 	0.05008878683654075 	0.0
32433     	0.3664383561643836  	30514.213024000008  	56219.78237800001   	0.5427664735312256  	0.08405602150531859 	0.05024075269234931 	0.0
32533     	0.36610169491525424 	30759.63165700001   	56581.54516100001   	0.5436336453780997  	0.08423317680355553 	0.05023848885764994 	0.0
32566     	0.36824324324324326 	30940.40584000001   	56792.71759600001   	0.5447953038644375  	0.08503724682856917 	0.05057996028275382 	0.0
32800     	0.36303630363036304 	31124.90428100001   	57062.74274200001   	0.5454505476844366  	0.08397628000861536 	0.04983960590623641 	0.0
32900     	0.3627450980392157  	31363.72129300001   	57528.209892000006  	0.5451885492679222  	0.0838841589588963  	0.04968665005621981 	0.0
32933     	0.36482084690553745 	31841.74321500001   	58357.98042100001   	0.545627915587391   	0.08441978076924327 	0.04990500800500801 	0.0
32966     	0.36688311688311687 	32202.93124200001   	59094.53925600001   	0.5449392049998997  	0.0850062606556036  	0.05016533248178179 	0.0
33041     	0.36774193548387096 	32299.03694100001   	59277.44382100001   	0.5448790443551067  	0.08505161233413537 	0.05012266016173307 	0.0
33062     	0.36977491961414793 	32355.56860300001   	59422.299231000005  	0.5445021317202826  	0.08531113263434822 	0.05020621488780376 	0.0
33083     	0.3717948717948718  	32417.788270000012  	59490.16276200001   	0.544926871350018   	0.08558661882796298 	0.05028996043531615 	0.0
33145     	0.37142857142857144 	32671.80101200001   	59781.36882900001   	0.5465214606486375  	0.08541251514787908 	0.05005804054188194 	0.0
33187     	0.3722397476340694  	33071.706369000014  	60534.403986000005  	0.5463290986832647  	0.0855363200257563  	0.050013315351991806	0.0
33208     	0.3742138364779874  	33243.00736700001   	60903.52493000001   	0.5458305969187851  	0.08595369807246339 	0.05015225492014885 	0.0
33291     	0.37267080745341613 	33580.386562000014  	61312.85535800001   	0.5476891651176135  	0.08567372860959026 	0.04983080863151955 	0.0
33395     	0.37003058103975534 	33824.32125300002   	61840.01409700001   	0.5469649667276015  	0.08499466544442831 	0.049308538636571614	0.0
33416     	0.3719512195121951  	34134.51108600001   	62382.943725000005  	0.5471769853707719  	0.08540482696964745 	0.04942848561508609 	0.0
33458     	0.37272727272727274 	34230.19204100002   	62510.131228000006  	0.5475943078114571  	0.08558086612729394 	0.04940087354556239 	0.0
33541     	0.3712574850299401  	34365.889573000015  	62676.36217200001   	0.5483070232872036  	0.08519822040612844 	0.04903126233820363 	0.0
33583     	0.37202380952380953 	34745.83615600001   	63372.51307400001   	0.5482792849863369  	0.08539134650944608 	0.049001672682276176	0.0
33604     	0.37388724035608306 	35357.574856000014  	64509.88104100001   	0.5480954899533622  	0.08591633616856835 	0.04917592140039907 	0.0
33625     	0.3757396449704142  	35514.52743700001   	64705.822984000006  	0.5488613821631136  	0.08649258347339427 	0.049353499606248824	0.0
33645     	0.3775811209439528  	35821.18569800001   	65342.90679400001   	0.5482031249532539  	0.08707382699623029 	0.04952135473108173 	0.0
33666     	0.37941176470588234 	36202.55118100001   	66116.80209000001   	0.5475544798993772  	0.08763767971338036 	0.049729797668553934	0.0
33687     	0.3812316715542522  	36904.90979100001   	67602.224853        	0.5459126511183495  	0.08828749991822708 	0.05002052992998729 	0.0
33750     	0.3808139534883721  	37375.01518200001   	68489.71304700001   	0.5457026102058857  	0.08845360054247986 	0.05006285395860153 	0.0
33770     	0.3826086956521739  	37592.83160200001   	68877.91305300001   	0.5457893530118018  	0.08916500906267859 	0.05041811209639867 	0.0
33812     	0.38328530259365995 	37830.85855200001   	69231.221608        	0.5464421640023245  	0.08962186868581845 	0.05063646526579452 	0.0
33895     	0.3817663817663818  	37959.08320800001   	69376.56975200001   	0.5471455758578452  	0.08952644710225771 	0.05051396315143636 	0.0
33937     	0.38243626062322944 	38172.20473300001   	69641.89568200002   	0.548121276125259   	0.08997975633592842 	0.05068267631121524 	0.0
34000     	0.38202247191011235 	38722.623647000015  	70666.02841900002   	0.5479666045104727  	0.09026904791314307 	0.05076193879478235 	0.0
34065     	0.38268156424581007 	38932.98804600001   	70915.58849300002   	0.5490046529028386  	0.09077427774615522 	0.05097907857899691 	0.0
34108     	0.38333333333333336 	39597.28591100001   	72242.02457100002   	0.5481198256297967  	0.09133128320298908 	0.05122249617893352 	0.0
34130     	0.3850415512465374  	40359.14547900001   	73883.31491900001   	0.5462552069198124  	0.0921998461803611  	0.05167614625439669 	0.0
34173     	0.3856749311294766  	40510.488221000014  	74160.58082900001   	0.5462536534659752  	0.09269504683190016 	0.051987993283056616	0.0
34217     	0.3863013698630137  	41086.825270000016  	75232.51068900002   	0.5461312522168351  	0.09323606515868627 	0.05231800639253159 	0.0
34239     	0.3879781420765027  	41780.50362500001   	76682.16992000001   	0.5448529125947823  	0.09410169065053468 	0.05286786413894537 	0.0
34282     	0.38858695652173914 	42142.14963800001   	77382.77895300002   	0.5445933863863417  	0.09476452842318907 	0.05330524020431608 	0.0
34304     	0.3902439024390244  	42515.41289000001   	78062.01738400002   	0.5446363585616758  	0.09570247159643937 	0.053872277002176866	0.0
34347     	0.3908355795148248  	42662.51715000001   	78252.86731700003   	0.5451879095647119  	0.09641450915046848 	0.05429494878800017 	0.0
34391     	0.3914209115281501  	42870.741587000004  	78600.59276400003   	0.5454251689388695  	0.09698197441001176 	0.05457762611104765 	0.0
34413     	0.393048128342246   	43004.060122        	78745.18563000004   	0.5461166899023282  	0.09767063588568368 	0.054900642719229585	0.0
34434     	0.39466666666666667 	43505.840441        	79655.71954800004   	0.5461734661097832  	0.09840842034846597 	0.055267099455181344	0.0
34630     	0.3880208333333333  	43716.144665        	80031.91667400004   	0.5462338837025761  	0.0969389588443903  	0.05439628888609197 	0.0
34673     	0.38860103626943004 	44226.612665        	80990.14427100004   	0.5460740076843662  	0.09727364901718485 	0.05455429532142226 	0.0
34695     	0.39018087855297157 	44301.149226        	81070.89343600004   	0.5464495005346492  	0.09787834191272941 	0.054852546216610475	0.0
34804     	0.3877551020408163  	44440.055571000004  	81388.10964900005   	0.5460263884080272  	0.09748913134769605 	0.05460280623001771 	0.0
34826     	0.3893129770992366  	44487.18690000001   	81447.80200000005   	0.5462048797830048  	0.09811652676884616 	0.0549137031950488  	0.0
34934     	0.3869346733668342  	44785.12645000001   	82112.74683900006   	0.5454101607124533  	0.09758555101506636 	0.05459077839577814 	0.0
35117     	0.38366336633663367 	45506.08754300001   	83637.60036400006   	0.5440864795851686  	0.09681010148946367 	0.05421526417894699 	0.0
35176     	0.3842364532019704  	45713.82911700001   	83884.99878900006   	0.5449583331578294  	0.09705495778862533 	0.05438472708607947 	0.0
35205     	0.3857493857493858  	46140.62040300001   	84769.33924800006   	0.5443078925979548  	0.09760228099915952 	0.054726208905836425	0.0
35235     	0.3872549019607843  	46235.35954600001   	84910.76409900007   	0.5445170590161311  	0.09809401074390113 	0.05502269490608675 	0.0
35264     	0.38875305623471884 	46273.26321900001   	84962.57282000006   	0.5446311438453445  	0.098591849979432   	0.05531901774264042 	0.0
35323     	0.38929440389294406 	46883.21067700001   	86209.24853500006   	0.5438304065249555  	0.09890933262410467 	0.05553603819321705 	0.0
35352     	0.3907766990291262  	47066.00983500001   	86562.37741100007   	0.5437236273159362  	0.09949151628463501 	0.05590149559578223 	0.0
35382     	0.3922518159806295  	47666.87476900001   	87872.19172600006   	0.5424568777985322  	0.10012325621459985 	0.056335004625825   	0.0
35470     	0.3918269230769231  	47849.29473500001   	88187.22857300006   	0.5425875776943266  	0.10026051793792817 	0.0565056631779086  	0.0
35500     	0.3932853717026379  	47968.50206700001   	88329.67152400006   	0.5430621583820391  	0.10081760866036307 	0.056879183921521435	0.0
35558     	0.3937947494033413  	48172.871320000006  	88582.24516900006   	0.5438208438733321  	0.10118347475160447 	0.0571190560735012  	0.0
35588     	0.3952380952380952  	48603.94286         	89380.62701200006   	0.5437861031504572  	0.10181092530020347 	0.05750574017994223 	0.0
35647     	0.3957345971563981  	48720.317234        	89583.69834400006   	0.5438524880599895  	0.10215326914825766 	0.057704444508087496	0.0
35735     	0.3952941176470588  	48877.449359        	89911.70093300006   	0.5436161128285433  	0.10227163234060718 	0.05778059337101828 	0.0
35794     	0.3957845433255269  	48978.03204         	90102.00580600006   	0.5435842587728326  	0.10261894710129651 	0.057996840140188695	0.0
35823     	0.397196261682243   	49335.624484        	90814.88139700006   	0.5432548468386782  	0.10324747542804644 	0.0583766559529704  	0.0
35852     	0.3986013986013986  	49506.10636         	91203.53187700006   	0.5428090923799473  	0.10388977261148451 	0.058772314116458994	0.0
35911     	0.3990719257540603  	49732.726973        	91630.18664200006   	0.542754836539908   	0.10423935198892179 	0.058984803990396836	0.0
35970     	0.3995381062355658  	50096.507958999995  	92350.48213400006   	0.5424607083946809  	0.10461795520955136 	0.059226259257562114	0.0
36000     	0.4009216589861751  	50426.66284         	93031.82645000007   	0.5420366853390952  	0.10527611140010491 	0.05963285032069446 	0.0
36085     	0.4013761467889908  	50817.044847        	93885.64968600006   	0.5412653053683633  	0.10571800002169533 	0.05994084996226345 	0.0
36114     	0.40274599542334094 	50860.848184999995  	94004.20101000006   	0.5410486727033559  	0.10630589891720112 	0.060340861414490916	0.0
36171     	0.4031890660592255  	51037.50270699999   	94362.28418700006   	0.540867605598204   	0.10663471565819997 	0.06060859385861348 	0.0
36228     	0.4036281179138322  	51081.740418999994  	94449.41072200006   	0.5408370473517581  	0.10693486725138418 	0.06086539506687479 	0.0
36314     	0.40315315315315314 	51222.43061999999   	94674.15312400006   	0.5410392269673762  	0.10691351765264581 	0.060943432160737956	0.0
36457     	0.40089086859688194 	51888.56381899999   	96042.28341400006   	0.5402679109088758  	0.10640490264261288 	0.06079711247417511 	0.0
36742     	0.39433551198257083 	52249.93884499999   	96696.01826200006   	0.5403525376135716  	0.1045773802854296  	0.05982767770864882 	0.0
36771     	0.39565217391304347 	52429.67338599999   	96953.44457700006   	0.5407716416342541  	0.10483329675444641 	0.06002170303551439 	0.0
36800     	0.3969631236442516  	52579.98898699999   	97141.97384200006   	0.5412695141702653  	0.10512812000655211 	0.06021797617489425 	0.0
36828     	0.39826839826839827 	53308.41951999999   	98553.07025000006   	0.5409107944052098  	0.1055008536227729  	0.060469536789433176	0.0
36914     	0.3978494623655914  	53674.86260899999   	99205.47574100006   	0.5410473787669869  	0.10536953114853666 	0.06039450197690016 	0.0
36942     	0.39914163090128757 	54044.26415099999   	99846.21637900006   	0.5412750338566332  	0.10573804503847582 	0.06060444377592814 	0.0
37000     	0.3995726495726496  	54363.90015599999   	100480.93459000006  	0.5410369676379416  	0.10591078066897529 	0.060706772553115566	0.0
37062     	0.40085287846481876 	54414.65802799999   	100553.75347400006  	0.5411499436673923  	0.10627341518483774 	0.060910461207204364	0.0
37156     	0.4004237288135593  	54535.43598399999   	100689.33243900005  	0.541620792024208   	0.10621332870271732 	0.0608557542733726  	0.0
37187     	0.40169133192389006 	54676.40044599999   	100844.84904400005  	0.542183373412993   	0.10663778871297062 	0.06106008181446073 	0.0
37281     	0.4012605042016807  	55350.24969799999   	102271.83201700005  	0.5412071790089713  	0.10666192569141217 	0.061071166196972594	0.0
37312     	0.4025157232704403  	55837.397919999996  	103298.54406900005  	0.54054390043196    	0.1071259869697194  	0.0613476260919277  	0.0
37375     	0.40292275574112735 	56074.475862        	103743.11841200005  	0.5405127272086494  	0.10736778546622958 	0.06149475064381601 	0.0
37781     	0.3943089430894309  	56447.322864        	104387.75247700006  	0.5407466060392204  	0.10484704219440637 	0.06008879199301267 	0.0
37812     	0.39553752535496955 	56792.589345        	105019.45985700007  	0.5407815791695342  	0.10498964771568066 	0.060208791489385294	0.0
37843     	0.3967611336032389  	56881.591012        	105127.21871800006  	0.5410738694094324  	0.10514656947395162 	0.06032995997105274 	0.0
37875     	0.397979797979798   	56954.599248        	105296.32870800006  	0.5408982435270109  	0.10526502330829647 	0.06043411038841943 	0.0
37968     	0.39759036144578314 	57096.373442        	105480.89792000006  	0.541295860842061   	0.10494992627419787 	0.06028344894485359 	0.0
38048     	0.398               	57616.395570999994  	106392.24601700006  	0.5415469428269581  	0.10490681976190706 	0.06028988475417626 	0.0
38073     	0.3992015968063872  	58259.47082999999   	107505.33145900005  	0.5419216892719293  	0.10513598360967782 	0.060458329936542834	0.0
38121     	0.3996023856858847  	58697.79559499999   	108261.18540900006  	0.5421868915737946  	0.10519348973519363 	0.06053317434951909 	0.0
38146     	0.4007936507936508  	58752.06539499999   	108316.57789100005  	0.5424106497725835  	0.10547546355145429 	0.06072776401634076 	0.0
38243     	0.39960629921259844 	58896.58111299999   	108609.44546900006  	0.542278628333579   	0.10514875773635164 	0.060567501498546894	0.0
38317     	0.39921722113502933 	58958.40573099999   	108686.59519300006  	0.5424625329950274  	0.10501433445451147 	0.0605078292235838  	0.0
38365     	0.3996101364522417  	59434.07901899999   	109518.63649900006  	0.5426846144084586  	0.10514329773104181 	0.06059807639114922 	0.0
38390     	0.40077821011673154 	59730.54829999999   	109881.61489200006  	0.5435900114746919  	0.10553612117112603 	0.06081059635502281 	0.0
38439     	0.4011627906976744  	60086.088461999985  	110649.51509600006  	0.5430307436039733  	0.10575052088568627 	0.06093503434976422 	0.0
38512     	0.4007707129094412  	60700.833753999985  	111924.35815900005  	0.5423380107104855  	0.10578538303166926 	0.06099782564545065 	0.0
38536     	0.40192307692307694 	61436.81570799999   	113328.89204800005  	0.5421107945004761  	0.10630801684956248 	0.06134510782765287 	0.0
38682     	0.39923954372623577 	62174.82821899999   	115033.11686800006  	0.5404950323161747  	0.10587763576239277 	0.06117477825602816 	0.0
38731     	0.3996212121212121  	62216.27444399999   	115097.59810500006  	0.5405523266197264  	0.1062628594701856  	0.061472212407157056	0.0
38756     	0.4007561436672968  	62471.27167999999   	115394.25731500005  	0.5413724489726351  	0.10685843939594993 	0.06186107430667086 	0.0
38780     	0.4018867924528302  	62524.65260999999   	115464.13860700006  	0.5415071152335207  	0.10746463569056292 	0.06224940833977369 	0.0
38804     	0.4030131826741996  	62641.81598599999   	115607.84361800006  	0.5418474562416862  	0.10807858452140197 	0.06263686208766077 	0.0
38829     	0.4041353383458647  	63324.12100599999   	116907.35314100006  	0.5416607194042431  	0.10875054734210945 	0.06307182966712788 	0.0
38878     	0.4044943820224719  	63419.496088999986  	117047.07857100006  	0.5418289534713171  	0.10921731028650397 	0.06338802465740359 	0.0
38951     	0.40409683426443205 	63854.12656099998   	118058.52700400006  	0.5408683996102753  	0.10939102600437738 	0.06356512742309475 	0.0
38975     	0.4052044609665427  	63954.41539399998   	118237.83962100006  	0.5408963458652464  	0.1099791480841017  	0.06397984492680503 	0.0
39000     	0.40630797773654914 	64010.717070999985  	118308.21797800006  	0.5410504710915607  	0.11057385560255462 	0.06439408740018678 	0.0
39048     	0.4074074074074074  	64703.376031999986  	119671.41837600006  	0.540675266576235   	0.11118035933800681 	0.06482587426087957 	0.0
39146     	0.40625             	64824.340220999984  	119875.55087100006  	0.540763648216795   	0.11118794182646641 	0.0649025776410348  	0.0
39219     	0.40585009140767825 	64923.73426199998   	120046.19726000006  	0.5408229143767544  	0.1113570810782962  	0.06506908993971164 	0.0
39243     	0.40693430656934304 	65316.54221899998   	120844.74483800006  	0.540499649418441   	0.1119680255988167  	0.065499677505992   	0.0
39268     	0.4080145719489982  	65458.09987599998   	121067.79589800005  	0.540673094694386   	0.11259151004964602 	0.06593545203239869 	0.0
39341     	0.4076086956521739  	65889.85879999997   	121991.85976800005  	0.5401168481676323  	0.11265552139381822 	0.06599464544473815 	0.0
39365     	0.40867992766726946 	66241.37960499997   	122680.20114000005  	0.5399516710068539  	0.113159954942788   	0.06631720433400201 	0.0
39390     	0.40974729241877256 	66356.22764399997   	122812.67943100006  	0.5403043720846507  	0.1136815271829816  	0.06663988148020171 	0.0
39414     	0.41081081081081083 	66541.77286999997   	123203.56214600005  	0.5400961766928938  	0.11421537682966366 	0.06697508636579522 	0.0
39439     	0.4118705035971223  	66986.83924999998   	124027.98807900006  	0.5400945406558758  	0.1147907192506859  	0.06733720594833455 	0.0
39487     	0.4121863799283154  	67196.42684499998   	124279.98267900007  	0.5406858401208512  	0.11516069410414781 	0.06754230795986803 	0.0
39512     	0.41323792486583183 	67802.94829199999   	125336.46320000007  	0.5409674611912932  	0.11580843175991691 	0.06790086212870487 	0.0
39560     	0.41354723707664887 	68080.61280599999   	125674.47726000007  	0.5417218697886625  	0.11630064741593527 	0.06814134675231497 	0.0
39585     	0.41459074733096085 	68348.920829        	126021.88507300007  	0.5423575499557705  	0.11703629133231092 	0.0685035600889866  	0.0
39634     	0.4148936170212766  	68583.531733        	126353.68723900006  	0.5427901095064454  	0.11752454998443974 	0.06870243193451021 	0.0
39707     	0.4144620811287478  	69042.01965         	127265.87579500006  	0.5425022160788248  	0.11775464743448988 	0.06878045037275055 	0.0
39829     	0.4125874125874126  	69541.81202         	128239.02606100006  	0.5422827524198501  	0.11748452653304119 	0.06856633248404846 	0.0
39853     	0.41361256544502617 	69639.837357        	128420.15114400006  	0.5422812287373145  	0.11804660330494753 	0.06883848519554316 	0.0
39878     	0.4146341463414634  	69814.870166        	128744.40347900006  	0.5422749904417222  	0.11858349200899315 	0.06911573695928001 	0.0
39902     	0.4156521739130435  	70178.71523599999   	129462.08718700006  	0.5420792817485719  	0.11915971462899887 	0.0694146830212551  	0.0
39951     	0.41594454072790293 	70351.087647        	129820.63539900005  	0.5419099007702275  	0.1195160080844134  	0.06959417556512557 	0.0
40036     	0.41551724137931034 	70644.37075599999   	130179.23385200005  	0.5426700454875555  	0.11969687087042094 	0.06965558066033839 	0.0
40163     	0.4122657580919932  	71082.061622        	131116.39282900005  	0.5421294781553677  	0.11906443752861282 	0.06925678346476839 	0.0
40181     	0.413265306122449   	71341.880599        	131641.75580700004  	0.5419396008633789  	0.11967169729325848 	0.06958808382307242 	0.0
40200     	0.4142614601018676  	71514.113824        	131931.07955500003  	0.5420566106577402  	0.12029683632958767 	0.06992607125080258 	0.0
40236     	0.41455160744500846 	71621.639829        	132083.25164100004  	0.5422461889692598  	0.12071776761752957 	0.07013561972076365 	0.0
40290     	0.41414141414141414 	71833.78170200001   	132496.44298200004  	0.5421563031073884  	0.1209485209005498  	0.07023752742053821 	0.0
40345     	0.4137353433835846  	72492.28299400001   	133814.26071300003  	0.5417380973278986  	0.12115929430773674 	0.07035292097295998 	0.0
40454     	0.41127694859038144 	72816.78647600001   	134187.59226200002  	0.5426491767869709  	0.12061860507367156 	0.0700986164278804  	0.0
40600     	0.4075286415711948  	73135.78287800001   	134883.69509500003  	0.5422136665702233  	0.1196149206383356  	0.06956899573324742 	0.0
40654     	0.40716612377850164 	73310.637312        	135229.98658700002  	0.5421182029389296  	0.11961925131213819 	0.06962453731685889 	0.0
40690     	0.4074675324675325  	73528.0129          	135580.88912700003  	0.5423184150321182  	0.1198331363452076  	0.06980359844958778 	0.0
40727     	0.4077669902912621  	73635.771577        	135771.35424400005  	0.5423513081019009  	0.12002616934960343 	0.06995641025380392 	0.0
40763     	0.4080645161290323  	73969.711074        	136162.51063700006  	0.5432457930450343  	0.12028172141278921 	0.0701118900844926  	0.0
40781     	0.40901771336553944 	74365.23832500001   	137032.77635200004  	0.5426821254352746  	0.12075388239044603 	0.07040841004695463 	0.0
40800     	0.409967845659164   	74645.05212200001   	137393.10759700005  	0.5432954638521464  	0.12126721985499946 	0.07070957594990361 	0.0
40890     	0.4082934609250399  	74813.84151600001   	137610.40611200006  	0.5436641285333437  	0.12097614073042993 	0.07052785289964957 	0.0
40909     	0.40923566878980894 	75521.71283100001   	139053.44389400005  	0.5431128544257411  	0.12146788707345499 	0.0708002157073094  	0.0
40927     	0.41017488076311603 	75927.10867100001   	139906.92041700004  	0.5426973050703654  	0.12194533290985747 	0.07109345535179777 	0.0
40963     	0.410459587955626   	76067.984815        	140203.50712700005  	0.5425540799496236  	0.12216003923803345 	0.07120247786953021 	0.0
41000     	0.4107424960505529  	76572.795012        	141322.55649400005  	0.5418299591491678  	0.12241778644438284 	0.07134419775108268 	0.0
41055     	0.4116719242902208  	77162.66422600001   	142450.46587400005  	0.541680673015501   	0.12290894997089331 	0.07162686035141143 	0.0
41138     	0.41130298273155413 	77496.108498        	143200.94717500004  	0.5411703625346498  	0.12299715408830095 	0.07168715577599671 	0.0
41194     	0.41158059467918623 	77815.25533         	143883.29628700003  	0.5408220226952826  	0.12315914982857891 	0.07183749808808876 	0.0
41250     	0.4118564742589704  	77853.867155        	143926.52562400003  	0.5409278575819224  	0.12330566082303632 	0.07196590719323044 	0.0
41416     	0.4095826893353941  	78123.10187         	144270.76747600004  	0.5415033359616394  	0.12252747078213456 	0.07151228299555444 	0.0
41444     	0.4104938271604938  	78226.508531        	144405.67776500003  	0.5417135236074488  	0.12272232651365059 	0.07161700253745402 	0.0
41500     	0.4107692307692308  	78504.009041        	144766.51208900003  	0.5422801717619407  	0.12273055836091798 	0.07156593575238918 	0.0
41638     	0.40916030534351144 	78640.150567        	145014.826766       	0.5422904148545855  	0.12212049753247595 	0.07114661832173581 	0.0
41777     	0.4075757575757576  	78721.598532        	145132.114303       	0.5424133652986599  	0.12140694743243541 	0.07069341727932078 	0.0
41861     	0.4072398190045249  	78837.651798        	145325.79432400002  	0.5424890478990505  	0.12100403913809478 	0.07045280435788416 	0.0
41944     	0.4069069069069069  	79325.657598        	146215.28664200002  	0.5425264308527771  	0.12064136071496827 	0.07023858634118738 	0.0
41972     	0.4077961019490255  	79390.502922        	146289.80382400003  	0.5426933446264923  	0.12065262577379178 	0.07023686864390485 	0.0
42000     	0.4086826347305389  	79510.505974        	146502.36590600002  	0.5427250644198889  	0.12067835608078402 	0.07023909778094382 	0.0
42051     	0.408955223880597   	79818.509728        	147185.41080800002  	0.542299058648696   	0.12054069942017019 	0.0701588733173674  	0.0
42103     	0.4086181277860327  	80191.298504        	147884.990026       	0.5422544809307651  	0.12024506289901228 	0.0699931654245595  	0.0
42172     	0.4076809453471196  	80497.09660300001   	148478.196736       	0.5421475905053385  	0.1197934616401647  	0.06974143344527095 	0.0
42206     	0.40795287187039764 	80720.30906700001   	148756.952007       	0.5426321793901879  	0.11973402709081216 	0.06970027203705181 	0.0
42224     	0.4088235294117647  	80833.392611        	148883.45855600003  	0.542930647870434   	0.11987404153434927 	0.06976256400515629 	0.0
42241     	0.40969162995594716 	80955.57399         	149159.13878300003  	0.5427463221531196  	0.12001871025242883 	0.06982812910305956 	0.0
42293     	0.4093567251461988  	81011.73509300001   	149230.79263100002  	0.5428620572519245  	0.1198178669600541  	0.06969018070188267 	0.0
42310     	0.41021897810218977 	81449.93653400001   	150049.67910500002  	0.5428197982149893  	0.11999887752228035 	0.069779169286207   	0.0
42327     	0.4110787172011662  	81683.01346300001   	150534.5265         	0.5426197920315643  	0.12016539679413558 	0.06985586932431825 	0.0
42362     	0.4113372093023256  	81920.095786        	151063.163955       	0.5422903482307776  	0.12015763959410848 	0.06982587703716243 	0.0
42379     	0.41219158200290273 	82552.61185900001   	152263.273094       	0.5421702172922291  	0.12036623688513191 	0.06993365663288274 	0.0
42396     	0.41304347826086957 	83016.47759300002   	153129.94006300002  	0.5421309350662957  	0.12060979291949252 	0.07006338641257605 	0.0
42431     	0.41329479768786126 	83361.86396200002   	153814.112884       	0.5419649887710106  	0.12066268849455411 	0.07008807760463472 	0.0
42482     	0.41294964028776976 	83848.41783600002   	154847.932423       	0.5414887788553112  	0.12057241491430273 	0.07004363575518677 	0.0
42500     	0.41379310344827586 	84233.27975700003   	155564.40880099998  	0.5414688385744604  	0.12086667417147429 	0.07021851314553411 	0.0
42551     	0.413447782546495   	84894.81309300002   	156832.305443       	0.5413094760878502  	0.12086361700648444 	0.07022965203080132 	0.0
42568     	0.4142857142857143  	85107.64976500002   	157281.41184699998  	0.5411170256265944  	0.12118145414473097 	0.07042888794244898 	0.0
42620     	0.4139402560455192  	85454.19294200002   	157993.56892199998  	0.5408713375174656  	0.12117681705948635 	0.07044614228487306 	0.0
42637     	0.4147727272727273  	85621.03260900002   	158341.61763799997  	0.5407361241233907  	0.12147911514443849 	0.07067035466773351 	0.0
42672     	0.415014164305949   	85940.59974900002   	158737.49188799996  	0.5414007663018697  	0.12165043511171227 	0.07079816001808655 	0.0
42724     	0.4146685472496474  	85967.66905100002   	158780.07319199995  	0.5414260575824665  	0.12161372644848968 	0.07081027421383872 	0.0
42810     	0.41316526610644255 	86179.67018500002   	159220.07481099994  	0.5412613345854689  	0.12122434679341043 	0.07061719097273271 	0.0
42862     	0.41283124128312415 	86334.33889000003   	159399.75198499995  	0.5416215383956455  	0.12116681362139936 	0.07062218118574702 	0.0
42896     	0.41307371349095967 	86654.45226400002   	160099.83920099997  	0.5412525877381318  	0.12127293205866965 	0.07072213861283547 	0.0
42948     	0.41274238227146814 	86867.23183500003   	160348.95322299996  	0.5417386898322456  	0.12124693912739894 	0.07072569306683357 	0.0
42982     	0.4129834254143646  	87010.15888900003   	160518.17058899996  	0.542058002341591   	0.12141641009932798 	0.07082839332421391 	0.0
43000     	0.41379310344827586 	87331.19787800002   	161251.32787399995  	0.5415843641687074  	0.1217721786878304  	0.07104734709774566 	0.0
43078     	0.4140302613480055  	87465.28044100002   	161409.85954499996  	0.5418831333324796  	0.12192026969999394 	0.07112224868803221 	0.0
43105     	0.41483516483516486 	87912.43860600003   	162353.65316599995  	0.5414872834189519  	0.12226398896081173 	0.07132196182771293 	0.0
43131     	0.4156378600823045  	88215.65818900002   	162975.77435399994  	0.5412808040867881  	0.12258044152291103 	0.07150147998449909 	0.0
43157     	0.41643835616438357 	88873.94145400003   	164478.40335999994  	0.5403380604289936  	0.12293502008153834 	0.07172530723199287 	0.0
43184     	0.4172366621067031  	88917.80544900004   	164524.87648099993  	0.5404520419698882  	0.12327331118057118 	0.07192927492014146 	0.0
43236     	0.417462482946794   	89587.98081500003   	165879.64445599992  	0.5400782061524343  	0.12348293546564293 	0.07207427106187539 	0.0
43315     	0.4171195652173913  	89653.77651300003   	165973.62033599993  	0.5401688312365744  	0.12349252585899938 	0.07209198822526865 	0.0
43342     	0.417910447761194   	90167.44138300003   	166888.88988799995  	0.5402842660377926  	0.12386807419095004 	0.07232831775850768 	0.0
43394     	0.4181326116373478  	90658.29845800003   	167851.34135599996  	0.5401106581908134  	0.12409734868196827 	0.07246935229969899 	0.0
43421     	0.4189189189189189  	90701.12993000004   	167894.75322399996  	0.5402261130161072  	0.12449862725244823 	0.07270777097165121 	0.0
43473     	0.4191374663072776  	91096.58656500003   	168659.81914099996  	0.5401202671090445  	0.12472058004596061 	0.07284210074764688 	0.0
43526     	0.41935483870967744 	91848.07981600004   	170016.91152999995  	0.5402290806805604  	0.125001827473959   	0.07300758769341532 	0.0
43578     	0.4195710455764075  	91928.77202300004   	170117.55229199995  	0.540383815687684   	0.12522986207287756 	0.07312218088383284 	0.0
43631     	0.4197860962566845  	92080.96654500005   	170431.55332599994  	0.5402812140593967  	0.1254187999972433  	0.07322605394644321 	0.0
43657     	0.4205607476635514  	92310.47265800004   	170708.73978699994  	0.5407483692585364  	0.12581241138643234 	0.0734297787129053  	0.0
43684     	0.42133333333333334 	92961.53358700004   	171990.56081299993  	0.540503694781682   	0.12616238454751622 	0.07360278939949538 	0.0
43763     	0.4209827357237716  	93055.25264300004   	172113.69290199992  	0.5406615306080552  	0.12616382087687694 	0.073579245192883   	0.0
43789     	0.4217506631299735  	93200.63474600004   	172386.95712399992  	0.5406478326487296  	0.12650797494934113 	0.07375626076482701 	0.0
43868     	0.42140026420079263 	93367.14358600003   	172706.03995399992  	0.540613076478786   	0.12645108698525995 	0.07367926247276943 	0.0
43894     	0.42216358839050133 	93435.75479900003   	172786.45624099992  	0.5407585573065823  	0.12673554426799816 	0.07379756869097656 	0.0
43921     	0.42292490118577075 	93610.51154100003   	173151.93779899992  	0.5406264159149404  	0.12703440353649142 	0.07392506612360822 	0.0
43973     	0.4231274638633377  	93745.69357300003   	173304.20556999993  	0.5409314405537312  	0.12718616143632946 	0.07395598600133385 	0.0
44051     	0.4233289646133683  	94069.29234000003   	174033.61621499993  	0.5405236895370115  	0.12736541286265485 	0.07400716382464155 	0.0
44076     	0.42408376963350786 	94134.07430900003   	174105.00280199992  	0.5406741494731978  	0.12768188407464423 	0.0741366989604993  	0.0
44128     	0.42428198433420367 	94790.80167200003   	175527.55440499992  	0.5400337399636208  	0.12783511178766715 	0.07420594243290313 	0.0
44153     	0.42503259452411996 	95120.61271700003   	176225.5849459999   	0.5397661908521821  	0.1281688597467793  	0.07438929317020074 	0.0
44230     	0.42467532467532465 	95327.40872500003   	176595.5686319999   	0.5398063465774094  	0.12816665000271557 	0.07436675651827705 	0.0
44256     	0.4254215304798962  	95682.63227400003   	177259.7456059999   	0.539787710666563   	0.12852017574315713 	0.07455177383427923 	0.0
44282     	0.4261658031088083  	95826.91542300003   	177560.1226749999   	0.5396871435958535  	0.12886721956312044 	0.07472580686696098 	0.0
44358     	0.4258064516129032  	96005.34763900003   	177859.5240599999   	0.5397818764353218  	0.1287638649557019  	0.07465599219352592 	0.0
44487     	0.42435897435897435 	96707.33585200003   	179263.6919709999   	0.5394697319278948  	0.12834065237430622 	0.07441290334517402 	0.0
44512     	0.42509603072983354 	97404.22707100003   	180512.2213739999   	0.5395990716284524  	0.1286209561200902  	0.0745834598606729  	0.0
44538     	0.4258312020460358  	97865.49399200003   	181444.4271449999   	0.5393689711604732  	0.12890144874049458 	0.07477525214323236 	0.0
44564     	0.42656449553001274 	98038.95550300003   	181798.3409959999   	0.5392731031861131  	0.12918586327938178 	0.07497278261509593 	0.0
44589     	0.4272959183673469  	98368.81982700003   	182455.6783729999   	0.5391381660695785  	0.1294916089597558  	0.07518539606902129 	0.0
44692     	0.4263959390862944  	99075.76082900004   	183827.9844669999   	0.538959076966792   	0.12932886178787104 	0.07513608490877428 	0.0
44897     	0.42336683417085424 	99505.29632600004   	184738.0649709999   	0.5386290927190363  	0.1284920165945654  	0.07471930955819293 	0.0
44923     	0.424090338770389   	99646.33057000003   	184911.6688749999   	0.5388861134413365  	0.12880938159645106 	0.07496521010220944 	0.0
45116     	0.4216417910447761  	99726.89374900004   	185065.4099479999   	0.5388737624012047  	0.12808032938975256 	0.07461211709499514 	0.0
45139     	0.422360248447205   	100031.42707300004  	185691.8764819999   	0.5386957629387552  	0.128291482335568   	0.07480138620497906 	0.0
45162     	0.4230769230769231  	100293.67718600004  	186012.4255819999   	0.5391772988938718  	0.12853318649681603 	0.07499352866623644 	0.0
45302     	0.4211822660098522  	100827.60740600004  	187074.1352639999   	0.5389713936868485  	0.12794590801045708 	0.07468303593140828 	0.0
45441     	0.4193154034229829  	101192.58591000004  	187845.3207549999   	0.5387016589142617  	0.12734524330673674 	0.07437116347722154 	0.0
45581     	0.4174757281553398  	101666.53114500004  	188824.9947509999   	0.538416703143913   	0.1265953373411494  	0.07396948964911039 	0.0
45674     	0.4166666666666667  	101771.22027200005  	189068.4250149999   	0.538277188610028   	0.12616177429118114 	0.07375845945980569 	0.0
45697     	0.41737032569360677 	102349.39398900005  	190181.7118219999   	0.5381663305501936  	0.12621007991157768 	0.0738441070852057  	0.0
45790     	0.41656662665066024 	102516.39105700004  	190486.80229099988  	0.5381810698905503  	0.12580293391870115 	0.07366218941952964 	0.0
45813     	0.4172661870503597  	103175.49026500004  	191821.4604379999   	0.5378725093084576  	0.12588882927441672 	0.0737774851102071  	0.0
45837     	0.4179640718562874  	103264.22426900004  	191997.3096659999   	0.5378420377277127  	0.12598085687851326 	0.07389671416276333 	0.0
45860     	0.41866028708133973 	103763.31258000004  	193040.7778509999   	0.5375201744166748  	0.12609499624590667 	0.07404365790354839 	0.0
45883     	0.41935483870967744 	104172.02598400004  	193801.0857249999   	0.5375203425424467  	0.12622883872662635 	0.07420740538002472 	0.0
45930     	0.4195470798569726  	104385.72776700003  	194171.7047239999   	0.5375949493535955  	0.1262291288111214  	0.0742890651158105  	0.0
46060     	0.41874258600237246 	105130.97065000003  	195481.04390099988  	0.5378064724436551  	0.12586452529365647 	0.07412825215502147 	0.0
46090     	0.4194312796208531  	105262.27379400004  	195642.53263899987  	0.5380336901906206  	0.12596538064856241 	0.0742331353194578  	0.0
46151     	0.41962174940898345 	105349.35148900004  	195751.19148999985  	0.5381798735788635  	0.12592882202035444 	0.07425090881710233 	0.0
46272     	0.4188235294117647  	105378.02836700004  	195782.31874699984  	0.5382407821166683  	0.12559193786666087 	0.07408660167086205 	0.0
46424     	0.41754385964912283 	105638.03628500004  	196232.49914199984  	0.5383309938307269  	0.12513381258961226 	0.07384468368134552 	0.0
46454     	0.4182242990654206  	105842.58556800004  	196561.00316699984  	0.5384719443972074  	0.1252706674032512  	0.07395428691214344 	0.0
46515     	0.4184149184149184  	105933.83816200004  	196652.49122699985  	0.5386854623657857  	0.12524766308807228 	0.07395253107018662 	0.0
46575     	0.4186046511627907  	106034.75831800004  	196766.59649299984  	0.5388859705248412  	0.12521946758036076 	0.07394453681859234 	0.0
46696     	0.41782407407407407 	106582.66348300004  	197847.36020399985  	0.5387115773144658  	0.12492647023749955 	0.0737903365012922  	0.0
46727     	0.4184971098265896  	106708.19118600004  	197991.86872699985  	0.5389523916920756  	0.12504240291609148 	0.07386679218486189 	0.0
46787     	0.4186851211072664  	107010.50165400004  	198474.28464799986  	0.5391655742394356  	0.12502016262612184 	0.0738604004476309  	0.0
46848     	0.4188722669735328  	107353.82049600003  	199165.36972199986  	0.5390185083172203  	0.12501161018952409 	0.07386530088889012 	0.0
46909     	0.4190585533869116  	107869.25442700004  	200128.70361799985  	0.5389994162601377  	0.1250152355270515  	0.0738820680329173  	0.0
46939     	0.4197247706422018  	108060.23008900003  	200511.26723399985  	0.5389234808580209  	0.1251548155529336  	0.07399046904113438 	0.0
46969     	0.42038946162657503 	108139.13032600003  	200599.51220699985  	0.539079727244853   	0.12530419216229663 	0.07409915690247777 	0.0
47045     	0.4205714285714286  	108622.29031400003  	201573.52882999985  	0.5388718000050905  	0.12531323696166563 	0.07412041720236011 	0.0
47068     	0.4212328767123288  	109107.36556800002  	202580.38206199984  	0.5385880135945624  	0.12549177367136424 	0.07424972548468531 	0.0
47090     	0.4218928164196123  	109124.53367600002  	202598.63790399986  	0.538624221786269   	0.12567275188138488 	0.07437877636561031 	0.0
47113     	0.42255125284738043 	109224.23730900002  	202784.13762299987  	0.5386231812276217  	0.12584111614737065 	0.0744873277352957  	0.0
47204     	0.4217687074829932  	109296.51161200002  	202882.09553199986  	0.5387193548321817  	0.12558421080773466 	0.0743427584702518  	0.0
47227     	0.42242355605889015 	109852.36787300001  	204020.23452499986  	0.5384385922737439  	0.12578267502509075 	0.0744758661269639  	0.0
47250     	0.4230769230769231  	109967.15030600001  	204149.64185699986  	0.5386595308505532  	0.12598361921131174 	0.07460942205838338 	0.0
47295     	0.42325056433408575 	110621.66254300001  	205469.38501099986  	0.538385134783354   	0.1260637572681722  	0.0746867310872231  	0.0
47340     	0.42342342342342343 	110659.00941800002  	205519.49632999985  	0.5384355810230108  	0.12614662542716004 	0.07476416683791683 	0.0
47409     	0.42312008978675647 	111008.80046200001  	206218.73635099985  	0.5383060842398658  	0.1260898227675305  	0.07475673344392213 	0.0
47431     	0.42376681614349776 	111574.93641000001  	207508.63215599986  	0.5376881686836079  	0.12635341924464058 	0.07494498160786428 	0.0
47454     	0.4244120940649496  	111693.29765400001  	207700.93960199985  	0.5377601943834662  	0.1265887966776108  	0.07512200150361492 	0.0
47477     	0.4250559284116331  	111803.701469       	207817.38420099986  	0.5379901296460553  	0.1268041329732007  	0.07526980759480997 	0.0
47500     	0.42569832402234636 	112330.475963       	208971.67208499985  	0.5375392503789186  	0.12704965536623164 	0.07544125598587112 	0.0
47613     	0.42444444444444446 	112522.178103       	209204.91628499984  	0.5378562803453005  	0.1267515581685827  	0.075278216145604   	0.0
47636     	0.42508324084350724 	112712.84473499999  	209424.45230399983  	0.5382028865062347  	0.1270404466322716  	0.07545193834888514 	0.0
47659     	0.42572062084257206 	113161.10638699999  	210206.01773799982  	0.5383342855961606  	0.127338221053175   	0.07561537243494379 	0.0
47704     	0.4258849557522124  	113235.652196       	210303.10197999983  	0.5384402375898806  	0.12748123074668394 	0.07568783124365519 	0.0
47772     	0.4255788313120176  	113360.009459       	210547.41266499984  	0.5384060911703822  	0.12746327798572524 	0.07565880456999957 	0.0
47795     	0.4262114537444934  	113744.933591       	211327.92930599983  	0.5382390011795315  	0.12774611899781307 	0.07581291143033607 	0.0
47840     	0.42637362637362636 	113919.33305199999  	211550.20217399983  	0.538497868975334   	0.1278738338191003  	0.0758571000993184  	0.0
47863     	0.4270032930845225  	114010.01484099998  	211662.70106799982  	0.5386400828569817  	0.12815134996668678 	0.07598547452186234 	0.0
48184     	0.4225352112676056  	114738.43500399998  	213148.50055399982  	0.5383028015950397  	0.12681523138371154 	0.07518005674899546 	0.0
48236     	0.4227027027027027  	115049.22183199998  	213812.59740299982  	0.5380843936671892  	0.12688423812489114 	0.07521401010189599 	0.0
48263     	0.42332613390928725 	115684.92716799998  	215226.6400079998   	0.5375028256897011  	0.12712274086135342 	0.07535944849248474 	0.0
48342     	0.42303552206673845 	115932.34103099997  	215713.1766089998   	0.5374374567815026  	0.12703695962361078 	0.075321659207645   	0.0
48368     	0.4236559139784946  	116008.76599499998  	215879.46756099982  	0.5373774880291478  	0.12722776909465372 	0.07544968293641828 	0.0
48526     	0.422008547008547   	116438.30644099998  	216755.51068399983  	0.5371872949091996  	0.12673723110087712 	0.07517529254060451 	0.0
48631     	0.42127659574468085 	116673.94324999998  	217039.63306299984  	0.5375697590501048  	0.12645331230944745 	0.07498753087919029 	0.0
48684     	0.42144373673036095 	117055.74888899998  	217670.67773499983  	0.5377653531795766  	0.12644910296765657 	0.07495857575572552 	0.0
48736     	0.4216101694915254  	117734.98013099997  	219035.50264899983  	0.5375155109884995  	0.12646825081936572 	0.07496166032990915 	0.0
48789     	0.42177589852008457 	118079.41316999997  	219476.40542399982  	0.5380050440587721  	0.1265155064574372  	0.07496775847546566 	0.0
48842     	0.4219409282700422  	118311.39563999997  	219941.82693499982  	0.5379213098696546  	0.12649910232652814 	0.07492186487424486 	0.0
48868     	0.422550052687039   	118500.98244699997  	220370.65700999982  	0.537734851158622   	0.1266262406326038  	0.07496388091398806 	0.0
48973     	0.4218258132214061  	119081.53013199997  	221546.02722899982  	0.5375024396574352  	0.12638129240481885 	0.07479342394469105 	0.0
49054     	0.42198952879581153 	119151.28402299997  	221624.59164099983  	0.537626637643209   	0.12637940994542274 	0.07476630571523102 	0.0
49486     	0.4160659114315139  	119205.07854399997  	221698.29747599983  	0.5376905456700886  	0.12439937259763988 	0.07360538680719    	0.0
49513     	0.4166666666666667  	119512.16992399997  	222299.73076299982  	0.5376172499795574  	0.12438582165170797 	0.07361342672511514 	0.0
49540     	0.4172661870503597  	120211.73324299997  	223840.63793199984  	0.537041595099094   	0.12440186548872971 	0.07365235839077991 	0.0
49621     	0.41700819672131145 	120572.00585999996  	224429.21390699985  	0.5372384626805458  	0.12418781445319799 	0.07355035749832113 	0.0
49756     	0.41590214067278286 	120956.14454999997  	225184.36491499984  	0.53714273011653    	0.12371761464082823 	0.0733089017681852  	0.0
49810     	0.4160732451678535  	121165.82355599997  	225598.16424799984  	0.5370869216063412  	0.12363817870803918 	0.07330110909788057 	0.0
49837     	0.4166666666666667  	121444.58233599998  	226237.86306499984  	0.5368004307091074  	0.12369081515048477 	0.0733821679213719  	0.0
49864     	0.41725888324873095 	121483.40111499997  	226285.18404999984  	0.5368597225002458  	0.12368780665396577 	0.07341594570372523 	0.0
49891     	0.4178498985801217  	121599.14398199997  	226486.06003899983  	0.5368946060568194  	0.12369249767964034 	0.07345308265316701 	0.0
49945     	0.4180161943319838  	121824.14633699997  	226761.42261199982  	0.5372348829608782  	0.12358398921149977 	0.07340996041469924 	0.0
49972     	0.4186046511627907  	121898.13021299997  	226846.61193599983  	0.5373592718563108  	0.12360864638239975 	0.07344164048119388 	0.0
50000     	0.41919191919191917 	122085.91448499997  	227077.39842699983  	0.5376400968599603  	0.12365095739325149 	0.07347507463595059 	0.0
50344     	0.4164164164164164  	122233.11653899997  	227351.07173499983  	0.5376403797272385  	0.1226792759710928  	0.07289780513507006 	0.0
50379     	0.417               	122327.58990999997  	227531.43609799983  	0.5376294019315747  	0.12270359522483774 	0.0729126843656106  	0.0
