25738     	0.5                 	397.746648          	727.3995969999999   	0.5468062529047567  	0.00799507189507396 	0.00890905937403868 	0.006221621994122678	0.0                 
25833     	0.3333333333333333  	487.733921          	890.3102959999999   	0.5478246440497191  	0.006159775971879858	0.006816401266067726	0.0045884927015646315	0.0                 
25857     	0.42857142857142855 	610.728412          	1097.975753         	0.5562312376491979  	0.009307657385099349	0.010207341940526943	0.006488054594881417	0.0                 
25880     	0.5                 	936.3467880000001   	1721.013033         	0.5440672267122802  	0.013068560443068972	0.014379927992035834	0.009560161176570232	0.0                 
25976     	0.4166666666666667  	1361.510634         	2420.65287          	0.5624559600732839  	0.014089765817120974	0.01531312411493626 	0.009898230191600873	0.0                 
26000     	0.46153846153846156 	1443.766988         	2578.831666         	0.5598531331203221  	0.01835339965635515 	0.019794628459217554	0.012627577988160499	0.0                 
26196     	0.3181818181818182  	1608.689912         	2791.464833         	0.576288797545457   	0.014100059452456298	0.015084774271015304	0.009012690080480846	0.0                 
26254     	0.32                	1861.533615         	3215.581072         	0.5789104903028239  	0.015113482867694688	0.016045310654930058	0.0090887003615075  	0.0                 
26333     	0.3103448275862069  	2606.810496         	4641.302645         	0.5616549265125546  	0.016588534923869996	0.017476263318793553	0.009626174399025286	0.0                 
26411     	0.30303030303030304 	2716.437943         	4777.490479         	0.5685909694515164  	0.017974695301436226	0.018852671258232166	0.01006853593233337 	0.0                 
26470     	0.3055555555555556  	3103.772224         	5246.179851         	0.5916252038916231  	0.020702780981649224	0.021530490933802694	0.01080260587129097 	0.0                 
26490     	0.32432432432432434 	3198.97304          	5424.723763         	0.5897024769849096  	0.024401268887860837	0.025270796130072593	0.012126840056852176	0.0                 
26607     	0.3023255813953488  	3814.57741          	6591.308514         	0.5787283969332951  	0.024925218034501408	0.025769542810100673	0.012284476596132795	0.0                 
26666     	0.30434782608695654 	4354.690329999999   	7677.4871760000005  	0.567202553410035   	0.02737993218589891 	0.028258846651302044	0.013721172116177427	0.0                 
26705     	0.3125              	4972.680941         	8905.887513         	0.558358831025132   	0.030746277015418294	0.031747736708292604	0.015811019564093025	0.0                 
26725     	0.32653061224489793 	5098.184864999999   	9045.412022         	0.5636210769172632  	0.03479358949277947 	0.035924670536321784	0.01811047002813373 	0.0                 
26745     	0.34                	5627.387150999999   	10256.254573        	0.5486785756873002  	0.03896556466094614 	0.0402131080464533  	0.020671169197803197	0.0                 
26764     	0.35294117647058826 	5756.736355999999   	10548.082910000001  	0.5457613867011213  	0.04306887663720081 	0.044434276381918644	0.023237133377955774	0.0                 
26784     	0.36538461538461536 	5948.341068         	10969.402882        	0.5422666239892419  	0.0471282323176742  	0.04856976959382513 	0.025805500281555902	0.0                 
26803     	0.37735849056603776 	6101.911758         	11256.431165        	0.5420822699980505  	0.051148944636019246	0.052687388266354815	0.02837282403752109 	0.0                 
26882     	0.3684210526315789  	6802.968681         	12657.952016        	0.5374462371480679  	0.052791477316926086	0.05425690551558426 	0.029706093496371766	0.0                 
26921     	0.3728813559322034  	6832.395519000001   	12688.631851999999  	0.538465895984134   	0.05612711490183108 	0.05757514443742853 	0.03191159129483481 	0.0                 
26960     	0.3770491803278688  	7369.943442000001   	13611.310489999998  	0.5414573010743216  	0.05959925620798395 	0.061020768368856504	0.03421413520469646 	0.0                 
27048     	0.375               	7912.657496000001   	14673.131845999998  	0.5392616640432525  	0.06079034929714058 	0.06214421065119162 	0.03533153116151923 	0.0                 
27121     	0.373134328358209   	8027.812497000001   	14959.250182999998  	0.5366453798682352  	0.06192487244332722 	0.06322488916791744 	0.03645036072740389 	0.0                 
27146     	0.38235294117647056 	8356.210296000001   	15604.273395999999  	0.5355078114782348  	0.0650336409480477  	0.06638568545199473 	0.03875508233925712 	0.0                 
27317     	0.36                	8484.978239000002   	15884.035812999999  	0.5341827693472981  	0.0626387941777536  	0.06392405510500336 	0.03779114674794755 	0.0                 
27341     	0.3684210526315789  	8604.512700000001   	16025.513587999998  	0.5369258621728736  	0.06493228340408459 	0.0663370246533014  	0.03945164122090723 	0.0                 
27365     	0.37662337662337664 	8943.751899         	16832.710624        	0.5313316493570585  	0.06738517008589764 	0.06888401263068429 	0.04129405475404227 	0.0                 
27439     	0.375               	9039.565181         	17024.819784        	0.5309639277060321  	0.06778317147981051 	0.06932498111708021 	0.0417540802161353  	0.0                 
27487     	0.3780487804878049  	9358.748058         	17757.624831        	0.5270270178060166  	0.0691661381783939  	0.07076443103643688 	0.04287292951041293 	0.0                 
27560     	0.3764705882352941  	9568.994044         	18198.898721        	0.5258007196313579  	0.06980295267767986 	0.071433969702707   	0.04351350480505861 	0.0                 
27609     	0.3793103448275862  	9658.471051999999   	18325.420455000003  	0.5270531759812764  	0.07128567885577243 	0.07296534025879826 	0.04463225704868275 	0.0                 
27658     	0.38202247191011235 	9784.318039999998   	18614.908979000003  	0.5256172915504427  	0.07176674388968933 	0.07350047171148082 	0.04509702868418048 	0.0                 
27756     	0.3763440860215054  	9836.796585999999   	18680.636967000002  	0.5265771506280564  	0.07072863195780255 	0.07247401781561337 	0.044567437612663775	0.0                 
27853     	0.3711340206185567  	10539.293961        	20076.696538000004  	0.5249515995349053  	0.06991760927018986 	0.07166115985194677 	0.04433100304311662 	0.0                 
27878     	0.37755102040816324 	10813.901173        	20431.667366000005  	0.5292715948868291  	0.07142233929677055 	0.07323456579038752 	0.04538451592978448 	0.0                 
27902     	0.3838383838383838  	10887.406203        	20511.948281000004  	0.5307836220065398  	0.0728072265804277  	0.07464601518793618 	0.04629608650706068 	0.0                 
28000     	0.3786407766990291  	11374.328576        	21392.230489000005  	0.5317037221456986  	0.07226275302618936 	0.07408658952115003 	0.04596180026491306 	0.0                 
28052     	0.38461538461538464 	11523.576916        	21728.693143000004  	0.530339162146637   	0.07360268577592483 	0.07547580329960911 	0.04687129914702984 	0.0                 
28078     	0.3904761904761905  	11613.882607        	21839.206858000005  	0.5317904941564154  	0.07467552958269474 	0.07661322893675657 	0.0474095450458104  	0.0                 
28131     	0.3925233644859813  	11750.828475999999  	22125.311807000006  	0.531103406745313   	0.0750381940172661  	0.07703509456143737 	0.04753725635068676 	0.0                 
28315     	0.37719298245614036 	11857.903568999998  	22276.228205000007  	0.5323119991354027  	0.0718580686078167  	0.07381660451815314 	0.04541256008606221 	0.0                 
28342     	0.3826086956521739  	11933.953268999998  	22447.469729000008  	0.5316391296245946  	0.07244257938802949 	0.07446498800051243 	0.04570501540452268 	0.0                 
28368     	0.3879310344827586  	12390.916954999997  	23322.59099400001   	0.5312838937229443  	0.07320951567605459 	0.0753058436489933  	0.046126991973836344	0.0                 
28394     	0.39316239316239315 	12915.170444999996  	24344.267206000008  	0.530522045938473   	0.07414457001730784 	0.07633109061657221 	0.046641097782800026	0.0                 
28421     	0.3983050847457627  	13035.944119999996  	24484.33218000001   	0.5324198358429555  	0.07496066816906358 	0.077225249206132   	0.046984901959004524	0.0                 
28473     	0.4                 	13760.728716999996  	25964.10387900001   	0.5299905123292081  	0.07504441445018867 	0.07737361971825983 	0.046976011212542704	0.0                 
28500     	0.4049586776859504  	13797.127585999997  	26004.314243000008  	0.5305707144234341  	0.07576970312117196 	0.0781836230313357  	0.047356831177159345	0.0                 
28631     	0.3968253968253968  	14091.299138999997  	26668.966020000007  	0.5283781579095503  	0.07400674490357748 	0.07642123058674853 	0.04627056180750501 	0.0                 
28657     	0.4015748031496063  	14198.738262999997  	26861.639614000007  	0.5285879219226723  	0.0747120546821181  	0.07720782573306657 	0.04671881613539102 	0.0                 
28763     	0.3969465648854962  	14403.959831999997  	27222.175301000007  	0.5291259670740152  	0.07375768240757502 	0.0762836031393374  	0.046129464018935806	0.0                 
28868     	0.3925925925925926  	14948.894183999997  	28379.650167000007  	0.5267469505801957  	0.07277665402213364 	0.07531589999310764 	0.04572338501899751 	0.0                 
28921     	0.39416058394160586 	15181.501973999997  	28824.299624000007  	0.5266910964719298  	0.07289550116636392 	0.07548961277527301 	0.0460586628641063  	0.0                 
29120     	0.3793103448275862  	15578.140407999997  	29697.926046000008  	0.5245531416527386  	0.06993384814689069 	0.07245230608418222 	0.04443157293629824 	0.0                 
29160     	0.38095238095238093 	15641.109316999997  	29770.55324000001   	0.525388600974484   	0.07006615077556227 	0.07261929509786601 	0.044732061773509954	0.0                 
29220     	0.38                	15845.710996999996  	30094.44525600001   	0.5265327492235728  	0.06953945922221806 	0.07209721304229245 	0.044509886401480646	0.0                 
29260     	0.3815789473684211  	16002.951473999996  	30304.73217700001   	0.5280677413854707  	0.06942862703383294 	0.07201742592601405 	0.04443309673877981 	0.0                 
29400     	0.3710691823899371  	16350.774400999995  	30938.99775100001   	0.528484294565473   	0.0671557406078496  	0.06970199107944261 	0.04301992595384772 	0.0                 
29420     	0.375               	16660.309208999995  	31542.26706800001   	0.5281899735704816  	0.06758498057241892 	0.07018670147359268 	0.0433742200544454  	0.0                 
29440     	0.37888198757763975 	17053.433287999997  	32368.89470600001   	0.5268463270955901  	0.06808950402205151 	0.07075652518797892 	0.04382205778426989 	0.0                 
29460     	0.38271604938271603 	17354.486205999998  	32982.71628400001   	0.5261691019189556  	0.0686728166855844  	0.07139677118872285 	0.044347764911048144	0.0                 
29560     	0.3772455089820359  	17594.720026        	33293.76306700001   	0.5284689504935978  	0.06767871081361888 	0.0703947475744197  	0.04372994813915635 	0.0                 
29600     	0.378698224852071   	17762.005861999998  	33614.384661000004  	0.5284049088248755  	0.06786169736145954 	0.07060327738145868 	0.043912584747549235	0.0                 
29660     	0.37790697674418605 	18419.508594        	34922.847041        	0.5274343346742375  	0.06782045992846773 	0.0705809385163156  	0.043979194716619624	0.0                 
29740     	0.375               	18918.553239        	35993.012415000005  	0.5256173898663657  	0.06735454931242314 	0.07012160696493289 	0.04383692432660836 	0.0                 
29760     	0.3785310734463277  	19322.520500000002  	36842.491118000005  	0.5244629207648683  	0.06816894443212393 	0.07100077431438039 	0.04452795947773475 	0.0                 
29780     	0.38202247191011235 	19797.914583        	37807.80553800001   	0.523646223346696   	0.06907118611398078 	0.07197799174017082 	0.04531918725070355 	0.0                 
29840     	0.3812154696132597  	20137.197446000002  	38563.40156700001   	0.5221841597923788  	0.06913774597213398 	0.07208752207257269 	0.04565643805534201 	0.0                 
29880     	0.3825136612021858  	20335.925012000003  	38807.01365100001   	0.5240270533281803  	0.06959678918200868 	0.07260549172813552 	0.04618017009493519 	0.0                 
29920     	0.3837837837837838  	20409.394023000004  	38884.069414000005  	0.5248780369590563  	0.06992762368013708 	0.07298893213786296 	0.04654138364918474 	0.0                 
29980     	0.3829787234042553  	20499.147467000006  	38987.80893200001   	0.5257835212733621  	0.06992771432741436 	0.07302771523784128 	0.046648145046035795	0.0                 
30113     	0.37823834196891193 	21003.634009000005  	39883.917760000004  	0.5266191284263646  	0.06928281282227361 	0.07239734189747273 	0.046315443815483776	0.0                 
30159     	0.37948717948717947 	21204.840279000004  	40281.89404100001   	0.5264112024478577  	0.06977681921509558 	0.07295949779125492 	0.046743331757491347	0.0                 
30204     	0.38071065989847713 	21624.607351000002  	41289.103799000004  	0.5237364186026178  	0.07029837408992594 	0.07354224896868218 	0.04726969705457672 	0.0                 
30227     	0.3838383838383838  	22317.259714000003  	42644.03831900001   	0.5233383280226669  	0.07121900917573595 	0.07453673562059718 	0.04809149234706024 	0.0                 
30272     	0.385               	22459.836918000005  	42811.46385000001   	0.5246220263967919  	0.07185817398229992 	0.07522259262882446 	0.04866518314365811 	0.0                 
30409     	0.3786407766990291  	22572.912237000004  	42967.34460700001   	0.5253504130511837  	0.07106850990608192 	0.07441881216012855 	0.04821477268469724 	0.0                 
30522     	0.3744075829383886  	22799.822875000005  	43278.94805700001   	0.5268109299923782  	0.07066136553786731 	0.0740131022319281  	0.04792046480064269 	0.0                 
30568     	0.3755868544600939  	23327.895355000004  	44427.71306500001   	0.5250753132593187  	0.07125968562346971 	0.07466298942476335 	0.04834214633256078 	0.0                 
30590     	0.37850467289719625 	23947.384083000004  	45854.05198700001   	0.5222522993123765  	0.07225358750770913 	0.07573062223885547 	0.049119607828603355	0.0                 
30613     	0.3813953488372093  	24339.091680000005  	46562.64147500001   	0.5227171592717292  	0.0731040077210982  	0.07666316154516344 	0.04981975844422899 	0.0                 
30659     	0.3824884792626728  	24510.058970000006  	46897.00172700001   	0.5226359482996293  	0.07360381401834533 	0.07722391409267476 	0.05027294793261974 	0.0                 
30681     	0.3853211009174312  	24684.728556000005  	47114.06507500001   	0.5239354429872447  	0.0745173483289602  	0.07821345015682425 	0.050958130442635356	0.0                 
30727     	0.38636363636363635 	25161.836551000004  	48167.621562000015  	0.5223807141611174  	0.0750956687560992  	0.07884175018322331 	0.051496922196165154	0.0                 
30750     	0.3891402714932127  	25623.568311000003  	49244.282587000016  	0.5203359042896152  	0.07610549145505865 	0.07992548000668592 	0.05235757570366657 	0.0                 
30772     	0.3918918918918919  	25796.369735000004  	49624.56389300001   	0.5198306586758501  	0.07713171114003121 	0.08102882944189443 	0.05324958195461343 	0.0                 
30795     	0.39461883408071746 	26183.354274000005  	50382.686065000016  	0.5196895266802602  	0.07824581480661869 	0.08221544202800904 	0.0541964626128183  	0.0                 
30818     	0.39732142857142855 	26557.434177000006  	51111.32183600002   	0.5195998307814141  	0.07943625802026077 	0.08347863891167324 	0.055194923634684   	0.0                 
31000     	0.3879310344827586  	27207.584676000006  	52438.61263400002   	0.5188463864575856  	0.07797968169820502 	0.0819360447438819  	0.054323246460911474	0.0                 
31265     	0.3729508196721312  	27369.569361000005  	52684.63051400002   	0.5194981742109214  	0.07517274109183653 	0.07896918605484289 	0.05248185593574805 	0.0                 
31306     	0.37398373983739835 	27469.591039000006  	52810.74060700002   	0.5201515964985148  	0.07558731532351728 	0.07938855389066182 	0.05284828393092859 	0.0                 
31387     	0.372               	27850.307781000007  	53244.81403900002   	0.5230614151568     	0.07548606865080336 	0.0792663173714775  	0.05270144045545217 	0.0                 
31408     	0.3745019920318725  	28235.549948000007  	53951.17826000002   	0.5233537219878318  	0.07637554468908633 	0.0801878301827744  	0.05323701622916201 	0.0                 
31591     	0.36538461538461536 	28500.10384400001   	54258.564659000025  	0.5252646107230301  	0.07477338003051497 	0.07849611565192947 	0.051939906757132316	0.0                 
31653     	0.3650190114068441  	28663.753050000007  	54654.87700300002   	0.5244500513362539  	0.07497165810095838 	0.07869370305171002 	0.05192220162542872 	0.0                 
31734     	0.36329588014981273 	28756.832206000006  	54759.871567000024  	0.5251442595298151  	0.07485321702846583 	0.07855932722872885 	0.05166643557670865 	0.0                 
31836     	0.3602941176470588  	29199.524217000006  	55668.44630700002   	0.5245255823374455  	0.07448607330247638 	0.07815818534149074 	0.05129551468586404 	0.0                 
31877     	0.3613138686131387  	29762.436279000005  	56681.71293200002   	0.5250800432708419  	0.07503349184317638 	0.0787145128572482  	0.05156188107895167 	0.0                 
31918     	0.36231884057971014 	30083.600788000003  	57036.055885000016  	0.5274488272586135  	0.07562350045662618 	0.07932382647718562 	0.05178536307039834 	0.0                 
32166     	0.35563380281690143 	30239.012281000003  	57238.41171800002   	0.528299290168644   	0.07442737811903277 	0.07807656233570359 	0.05089889033420775 	0.0                 
32200     	0.35789473684210527 	30344.729917000004  	57441.97891400002   	0.5282674881802208  	0.07511705003535872 	0.07880825003343551 	0.05130150589355869 	0.0                 
32266     	0.3588850174216028  	30644.934720000005  	58136.50844700002   	0.5271203162800423  	0.07550710179219947 	0.07923478550725246 	0.05150674735618064 	0.0                 
32366     	0.3586206896551724  	30748.148119000005  	58269.11590400002   	0.5276920310522375  	0.07555957650332372 	0.07931489860953604 	0.05144324059040042 	0.0                 
32400     	0.36082474226804123 	30900.357958000004  	58469.43700200002   	0.528487352408456   	0.07617815163930057 	0.07998716556472847 	0.051740213342909964	0.0                 
32433     	0.363013698630137   	31121.915948000005  	58861.35391700002   	0.5287325872912267  	0.0768316653458057  	0.08069614125778372 	0.05206194770855133 	0.0                 
32533     	0.36271186440677966 	31367.334581000006  	59298.91128400002   	0.5289698225785725  	0.0770069949271987  	0.08090820844586423 	0.05205131789308542 	0.0                 
32800     	0.3564356435643564  	31551.833022000006  	59567.61265800002   	0.5296810064078092  	0.07575803231289423 	0.07961460387999429 	0.0511282940360074  	0.0                 
32900     	0.3562091503267974  	31790.650034000006  	60082.14964200002   	0.5291197173107962  	0.07565370297815352 	0.07953018392986401 	0.05099590481441764 	0.0                 
32933     	0.3583061889250814  	32268.671956000006  	60981.76157000002   	0.5291528339823259  	0.07611767790449545 	0.08005384043869461 	0.051253990340024536	0.0                 
32966     	0.36038961038961037 	32629.859983000006  	61596.09509600002   	0.5297391000540707  	0.0766396666798727  	0.08063298929216028 	0.05154508069876936 	0.0                 
33041     	0.36129032258064514 	32725.965682000005  	61778.999661000016  	0.5297263772734625  	0.07674152432286324 	0.08075546327279455 	0.051571173551159206	0.0                 
33062     	0.3633440514469453  	32782.497344        	61923.85507100001   	0.529400136771404   	0.07702338536301763 	0.08107412122736629 	0.05172698262807239 	0.0                 
33083     	0.36538461538461536 	32844.717011        	61991.718602000015  	0.5298242693007118  	0.07732193375591556 	0.08141100202220392 	0.05188244166195007 	0.0                 
33145     	0.36507936507936506 	33098.729753        	62286.66722900001   	0.5313934943944084  	0.07721371723891558 	0.08131631289027504 	0.05171192107112808 	0.0                 
33187     	0.3659305993690852  	33498.63511         	62952.26415500001   	0.5321275661749071  	0.07737450757687006 	0.08149518292483082 	0.05171758004275383 	0.0                 
33208     	0.36792452830188677 	33669.936108        	63276.54610700001   	0.5321076793771973  	0.077796388408741   	0.08194783063090859 	0.051906114981702084	0.0                 
33291     	0.36645962732919257 	34007.315303        	63685.23100800001   	0.5339906091999269  	0.07748086562827348 	0.08163140754431063 	0.051546082168081105	0.0                 
33395     	0.363914373088685   	34251.249994000005  	64164.06760300001   	0.5338073359987324  	0.07679362467418756 	0.0809161966083518  	0.05097703400086367 	0.0                 
33416     	0.36585365853658536 	34561.439827        	64829.84015600001   	0.5331100577116159  	0.07709592144349561 	0.08124706671118033 	0.05108306082243683 	0.0                 
33458     	0.36666666666666664 	34657.120782000005  	64949.55342300001   	0.533600601628266   	0.07719087604133303 	0.0813643592607997  	0.051036444969354895	0.0                 
33541     	0.3652694610778443  	34792.818314000004  	65105.70691700001   	0.5344050462174632  	0.07677398191743667 	0.08095051027176796 	0.05064735551059543 	0.0                 
33583     	0.36607142857142855 	35172.764897        	65837.93627700002   	0.534232493998864   	0.07688837607828265 	0.08109760413606296 	0.05060628665020479 	0.0                 
33604     	0.36795252225519287 	35784.503597        	66976.03178900002   	0.5342882019307266  	0.07730224974300817 	0.08156078919849832 	0.05077268490408423 	0.0                 
33625     	0.3698224852071006  	35941.456178        	67165.99159800002   	0.5351139069473697  	0.07776207805168475 	0.08207226203036389 	0.05094175599189217 	0.0                 
33645     	0.37168141592920356 	36248.114439        	67838.22510600003   	0.5343317043209904  	0.07823004563703254 	0.08258811143473577 	0.05110171072439344 	0.0                 
33666     	0.3735294117647059  	36629.479922        	68537.81919000002   	0.5344418651614232  	0.07868473866535156 	0.08309428270062873 	0.051292002403258916	0.0                 
33708     	0.3742690058479532  	37317.698635        	69877.06216400002   	0.5340479046960522  	0.07899650276137743 	0.08344340789698033 	0.05140301174601179 	0.0                 
33750     	0.375               	37787.804026        	70855.47761600002   	0.5333081548160654  	0.07937153317633237 	0.08386055354550512 	0.05156929546125488 	0.0                 
33770     	0.37681159420289856 	38005.620446        	71287.02657500003   	0.5331351617817143  	0.08000695615250676 	0.08455154989771076 	0.05191198048817057 	0.0                 
33812     	0.37752161383285304 	38243.647396        	71755.61673500003   	0.5329707852311721  	0.0804146852765907  	0.0850065873444778  	0.052124252431025496	0.0                 
33854     	0.37822349570200575 	38656.266761        	72548.00667600003   	0.5328370624108143  	0.08087921065930331 	0.08551557898547603 	0.05236205885095385 	0.0                 
33895     	0.3789173789173789  	38784.491417        	72690.41474800004   	0.5335571622676302  	0.08131745579345454 	0.08599606577668287 	0.052560851955971544	0.0                 
33937     	0.37960339943342775 	38997.612942        	72946.33933200003   	0.5346068534640307  	0.08179048411898017 	0.08650906373594273 	0.0527599312192314  	0.0                 
34000     	0.3792134831460674  	39548.031856        	74007.26924600003   	0.5343803691032352  	0.08210574359772141 	0.0868648353230592  	0.05286764676260456 	0.0                 
34065     	0.37988826815642457 	39758.396255        	74271.68172600002   	0.5353103003870978  	0.08261086081222087 	0.08741670139926246 	0.05311900593094387 	0.0                 
34108     	0.38055555555555554 	40422.69412         	75600.84841700003   	0.5346857206818109  	0.08316648374539297 	0.08800936222787357 	0.053407761302686645	0.0                 
34130     	0.38227146814404434 	41184.553688        	77049.97429600003   	0.534517422806435   	0.08401042581377759 	0.08889831258785376 	0.05389023902589823 	0.0                 
34173     	0.38292011019283745 	41335.89643         	77365.05080000003   	0.5342967658207753  	0.0845190065985917  	0.08943515802319069 	0.05422928672018465 	0.0                 
34217     	0.3835616438356164  	41912.233479        	78437.30314500003   	0.5343405726420833  	0.08506677052566783 	0.09000656308496009 	0.05458102663324399 	0.0                 
34239     	0.38524590163934425 	42605.911834        	79794.29042800002   	0.5339468727081941  	0.08591140235480085 	0.09088862298225617 	0.05515358853526925 	0.0                 
34282     	0.3858695652173913  	42967.557847        	80542.80543800002   	0.5334748102370909  	0.08657690486092279 	0.09157356694837807 	0.05561339226977029 	0.0                 
34304     	0.3875338753387534  	43340.82109899999   	81262.52572500003   	0.5333432687739658  	0.08748428856188517 	0.09251452377579326 	0.05621215065967329 	0.0                 
34347     	0.3881401617250674  	43487.92535899999   	81471.68801900002   	0.5337796038896134  	0.08818346197859547 	0.09323387897008188 	0.05666114758807715 	0.0                 
34391     	0.38873994638069703 	43696.14979599999   	81958.91447600002   	0.5331470051228595  	0.08874268358537955 	0.09381362287559038 	0.056995975572696284	0.0                 
34630     	0.3802083333333333  	43906.45401999999   	82335.11160200002   	0.5332652517948788  	0.08679674680051648 	0.09175841113019928 	0.05569518158388484 	0.0                 
34652     	0.38181818181818183 	44270.54456899999   	82975.17970700002   	0.5335396045579784  	0.08715195286133347 	0.09213851692962434 	0.055872533725242035	0.0                 
34673     	0.38341968911917096 	44781.01256899999   	84025.49086700001   	0.5329455633872077  	0.0875596043631475  	0.09257721652320892 	0.056102991375749554	0.0                 
34804     	0.38010204081632654 	44919.918913999994  	84298.38465900002   	0.5328680863305745  	0.08685688135524276 	0.09184222454013345 	0.05562736298094994 	0.0                 
34826     	0.3816793893129771  	44967.050243        	84358.07701000002   	0.5330497308238722  	0.08728392775246274 	0.09230148622809001 	0.055869023501612644	0.0                 
34934     	0.3793969849246231  	45264.989793        	85063.49133800002   	0.5321318121441717  	0.08671942142558223 	0.09170747082137926 	0.05550472392762958 	0.0                 
35235     	0.37254901960784315 	45359.728936        	85227.43693700002   	0.5322197940732376  	0.08501369521402402 	0.0899073615741628  	0.05442488976004291 	0.0                 
35264     	0.3740831295843521  	45397.632609        	85286.81768800002   	0.5322936631904313  	0.0852339880015605  	0.09014345203830175 	0.05457325136916734 	0.0                 
35500     	0.36930455635491605 	45516.839941        	85448.51300700003   	0.5326814749517199  	0.08404716413561288 	0.08889069346511606 	0.0538060548777834  	0.0                 
35558     	0.36992840095465396 	45721.209193999995  	85694.77548300003   	0.5335355502864942  	0.08414089694990987 	0.08899354286075137 	0.0538325104202834  	0.0                 
35588     	0.37142857142857144 	46152.28073399999   	86448.71351000003   	0.5338689132564279  	0.084452191835079   	0.08932672376866102 	0.0539992843003498  	0.0                 
35647     	0.37203791469194314 	46268.65510799999   	86651.78484200004   	0.533960785601425   	0.08458046989750528 	0.08946491212056723 	0.05404389317931096 	0.0                 
35735     	0.37176470588235294 	46425.78723299999   	86894.35219900004   	0.5342785354642904  	0.08452992958266355 	0.08941551327861029 	0.05397092277782525 	0.0                 
35794     	0.37236533957845436 	46526.36991399999   	87084.65707200005   	0.5342659829909282  	0.08466655062484511 	0.0895640502235546  	0.054028017910805526	0.0                 
35823     	0.37383177570093457 	46883.96235799999   	87841.39423200005   	0.5337342692236147  	0.0850460052451492  	0.08996460948340002 	0.0542444184857062  	0.0                 
35852     	0.3752913752913753  	47054.44423399999   	88192.15350900005   	0.5335445656080737  	0.08543316433129969 	0.09037101881320803 	0.054474460378653555	0.0                 
35911     	0.37587006960556846 	47281.06484699999   	88618.80827400005   	0.5335330700996553  	0.08559802440931322 	0.09053699038692262 	0.05454712159256343 	0.0                 
35970     	0.37644341801385683 	47644.845832999985  	89294.18294700005   	0.5335716645873703  	0.08579225153581342 	0.09073947394101331 	0.05464610166072289 	0.0                 
36000     	0.3778801843317972  	47975.00071399999   	89977.53933800005   	0.5331886275949624  	0.08621852714296145 	0.09118644541261466 	0.05490114207435994 	0.0                 
36114     	0.37757437070938216 	48018.804051999985  	90096.09066200005   	0.5329732255769555  	0.08616759871332567 	0.09112101325836186 	0.054855502286554184	0.0                 
36171     	0.37813211845102507 	48195.45857399998   	90444.64866400005   	0.5328724173946995  	0.08629561288351484 	0.09124452487248033 	0.054933740707365536	0.0                 
36228     	0.3786848072562358  	48239.696285999984  	90531.77519900005   	0.5328482312421595  	0.0864227486422789  	0.09136721114906299 	0.05501514692908081 	0.0                 
36314     	0.3783783783783784  	48380.38648699998   	90798.95801500005   	0.5328297542688486  	0.08628980815320143 	0.09121968537503328 	0.05493879097115627 	0.0                 
36457     	0.37639198218262804 	49046.519685999985  	92207.91656000006   	0.5319122426335836  	0.08576205271457779 	0.09065428531898549 	0.05467623175092799 	0.0                 
36742     	0.37037037037037035 	49407.89471199999   	92901.05399400006   	0.5318335216647914  	0.08425773553333242 	0.08905930794770395 	0.053771905308738495	0.0                 
36771     	0.3717391304347826  	49587.629252999985  	93158.48030900006   	0.5322932393113471  	0.08445876275404919 	0.0892690767638493  	0.05395042277791513 	0.0                 
36828     	0.3722943722943723  	50316.05978599998   	94532.69657700007   	0.5322609172056766  	0.08455607181051461 	0.08936506484571817 	0.05406685642710594 	0.0                 
36914     	0.3720430107526882  	50682.502874999984  	95218.73075300007   	0.5322745060157518  	0.08441143665880231 	0.0892116771563888  	0.054003421806893805	0.0                 
36942     	0.37339055793991416 	51051.90441699998   	95900.35390600006   	0.5323432327167449  	0.08467332513370275 	0.08948285104163148 	0.05419980078270084 	0.0                 
37062     	0.373134328358209   	51102.662288999985  	95973.17279000006   	0.5324681971369049  	0.08454213761926026 	0.0893340581032652  	0.054139567043339956	0.0                 
37156     	0.3728813559322034  	51223.44024499998   	96108.75175500005   	0.532973733501175   	0.08443817135326664 	0.0892181041423459  	0.05408142796975462 	0.0                 
37281     	0.37184873949579833 	51897.28949699998   	97621.35895800006   	0.5316181832638482  	0.08420407019457986 	0.08896119678992777 	0.05397630651217348 	0.0                 
37312     	0.3731656184486373  	52384.43771899999   	98740.25173100005   	0.5305276905887572  	0.08454813250694755 	0.08930890930770385 	0.05425936785575296 	0.0                 
37375     	0.3736951983298539  	52621.51566099999   	99228.55941800005   	0.5303061534868403  	0.08471572717200561 	0.08946970376975567 	0.054426451173120706	0.0                 
37781     	0.36585365853658536 	52994.36266299999   	99945.62332800005   	0.5302319491178107  	0.08272273568101168 	0.08734721468633992 	0.05320302393942327 	0.0                 
37812     	0.3671399594320487  	53339.62914399999   	100660.10064200005  	0.5298984285114476  	0.0828309773802449  	0.08744757783782098 	0.05333593644701503 	0.0                 
37843     	0.3684210526315789  	53428.63081099999   	100778.61467100005  	0.5301584168965021  	0.08295447463496386 	0.08756654147594689 	0.053470487594576115	0.0                 
37875     	0.3696969696969697  	53501.63904699999   	100947.72466100004  	0.5299935112620692  	0.0830419438549678  	0.08765223369305278 	0.0535861576827656  	0.0                 
37968     	0.36947791164658633 	53643.41324099999   	101138.63772700004  	0.5303948564721404  	0.08279633492416198 	0.08738615771893352 	0.053474347246553804	0.0                 
38048     	0.37                	54163.435369999985  	102135.36536200004  	0.5303102914257725  	0.08277096608352554 	0.08735128835587795 	0.05350861335797642 	0.0                 
38146     	0.36904761904761907 	54217.70516999999   	102191.88052600004  	0.530548071832436   	0.08243032608479282 	0.08698416322258058 	0.05333028052853459 	0.0                 
38243     	0.36811023622047245 	54362.22088799999   	102484.74810400004  	0.5304420598549356  	0.08210949021025325 	0.08663888276039743 	0.053159990928240634	0.0                 
38317     	0.3679060665362035  	54424.04550599999   	102554.23527500004  	0.5306854988490866  	0.08196531628601787 	0.08648131028429652 	0.05309679800956415 	0.0                 
38390     	0.36770428015564205 	54720.514786999986  	102916.79770700005  	0.531696632679799   	0.08188052857152538 	0.08638643131987761 	0.05303990074340474 	0.0                 
38439     	0.3682170542635659  	55076.05494899998   	103682.63313600005  	0.5311984590202004  	0.08198353259373502 	0.0864899397030825  	0.05311558800025961 	0.0                 
38512     	0.36801541425818884 	55690.80024099998   	105115.93209500005  	0.5298036095105794  	0.08195485243611761 	0.08645222428858497 	0.053150348323008065	0.0                 
38536     	0.36923076923076925 	56426.782194999985  	106520.79647500005  	0.5297255002054279  	0.08231819377734678 	0.08683350914199314 	0.05343930248915337 	0.0                 
38682     	0.3669201520912547  	57164.794705999986  	107948.00498500005  	0.5295586029027896  	0.08195265081734317 	0.08644722412936424 	0.0532704915645442  	0.0                 
38731     	0.36742424242424243 	57206.240930999986  	108000.96871600005  	0.5296826649900691  	0.08222040884888245 	0.08672825800947455 	0.05350905071067822 	0.0                 
38756     	0.3686200378071834  	57461.23816699999   	108296.48308700004  	0.5305919133203842  	0.08269966439176221 	0.08722616659537873 	0.05385072536891234 	0.0                 
38780     	0.36981132075471695 	57514.61909699999   	108366.36437900005  	0.5307423518966513  	0.08318802426582546 	0.08773161168488852 	0.054191993375959535	0.0                 
38829     	0.37030075187969924 	58196.92411699999   	109902.04170300005  	0.5295345128734888  	0.08357072156996292 	0.08811965785107698 	0.05448917094380903 	0.0                 
38878     	0.3707865168539326  	58292.29919999999   	110045.74027600006  	0.529709728462002   	0.08395591577998653 	0.08850653796753816 	0.05478523803285629 	0.0                 
38951     	0.37057728119180633 	58726.929671999984  	110980.80099100005  	0.5291629646533406  	0.08411051096398751 	0.08865445367339173 	0.05495098132137897 	0.0                 
38975     	0.37174721189591076 	58827.21850499998   	111160.11360800006  	0.5292115723491512  	0.08458075711854167 	0.0891367486592244  	0.055323338237215906	0.0                 
39000     	0.37291280148423006 	58883.520181999986  	111230.49196500005  	0.5293828979964267  	0.08505878768414761 	0.08962795714243715 	0.055695530951778864	0.0                 
39146     	0.3713235294117647  	59004.484370999984  	111434.62446000005  	0.5294986603753478  	0.08491975197243659 	0.08947002259719276 	0.055660834931971125	0.0                 
39219     	0.3711151736745887  	59103.878411999984  	111605.27084900005  	0.5295796333128968  	0.08505826059850466 	0.0896088427402413  	0.05580037245769066 	0.0                 
39243     	0.3722627737226277  	59496.68636899998   	112314.12054100005  	0.5297346948221068  	0.08554101653207105 	0.09011149567591094 	0.056166328072365906	0.0                 
39268     	0.37340619307832423 	59638.24402599998   	112618.66500400005  	0.5295591456698737  	0.08603349784050414 	0.09062535156679774 	0.0565420194286426  	0.0                 
39341     	0.37318840579710144 	60070.00294999998   	113541.34559700005  	0.5290584027708328  	0.08611535637498748 	0.09071415226461178 	0.05660113407261436 	0.0                 
39365     	0.3743218806509946  	60421.52375499998   	114188.61928500005  	0.5291378784797779  	0.08653697769384779 	0.09116064602165241 	0.05688618530528836 	0.0                 
39390     	0.37545126353790614 	60536.37179399998   	114325.32015400004  	0.5295097508798178  	0.08697815051019096 	0.09162798395974178 	0.05717165329252006 	0.0                 
39414     	0.37657657657657656 	60721.91701999998   	114715.64587300004  	0.5293255035779888  	0.08743315702524566 	0.0921086628651961  	0.057467880100510654	0.0                 
39487     	0.3763440860215054  	60931.504614999976  	114960.49818400004  	0.5300212297051466  	0.08757624432540968 	0.09226520751438747 	0.057517782744859816	0.0                 
39512     	0.3774597495527728  	61538.026061999975  	116007.59673900004  	0.5304654849496748  	0.08809845912588382 	0.09281460691965293 	0.05780694053083997 	0.0                 
39560     	0.3778966131907308  	61815.69057599997   	116347.08289600005  	0.5313041722864301  	0.08852052959530653 	0.09325969128381076 	0.05799630492553733 	0.0                 
39585     	0.3790035587188612  	62083.99859899997   	116687.50173300006  	0.5320535419556607  	0.08913969332594715 	0.09390530515731453 	0.05828781715486711 	0.0                 
39634     	0.37943262411347517 	62318.60950299997   	116999.15173400006  	0.5326415497839043  	0.08956638937484514 	0.09434425317190592 	0.05843472219263831 	0.0                 
39707     	0.37918871252204583 	62777.09741999997   	117999.25668300006  	0.532012651474983   	0.08978555541012369 	0.09456668058905886 	0.0584880188466207  	0.0                 
39829     	0.3776223776223776  	63276.88978999997   	119107.35110900005  	0.5312593152381726  	0.08960542967628908 	0.09436625676139039 	0.058290852322188204	0.0                 
39853     	0.3787085514834206  	63374.91512699997   	119246.92631900005  	0.53145952758115    	0.09006187465607338 	0.09483585161190802 	0.058505722602334505	0.0                 
39878     	0.3797909407665505  	63549.94793599997   	119496.56889100005  	0.531813997052649   	0.09049018714448365 	0.09527774766265336 	0.058723274497179935	0.0                 
39902     	0.3808695652173913  	63913.79300599997   	120219.11327100005  	0.5316441892390635  	0.09095184774142324 	0.09575429899613505 	0.058963141385302655	0.0                 
40036     	0.3793103448275862  	64207.076114999974  	120590.43597400005  	0.5324392071096199  	0.09078858330622393 	0.09557054808117124 	0.058786365236105476	0.0                 
40163     	0.37649063032367974 	64644.76698099997   	121474.44450500005  	0.5321676278860374  	0.09032318492201345 	0.09506957320561298 	0.05842304113435433 	0.0                 
40181     	0.37755102040816324 	64904.585957999974  	122033.68302800006  	0.5318579620604249  	0.09080009458151436 	0.09555971289068466 	0.05868054858615107 	0.0                 
40200     	0.37860780984719866 	65076.81918299998   	122323.00677600005  	0.5320080081269564  	0.09130289867195035 	0.0960736449361958  	0.05894353739896594 	0.0                 
40236     	0.3790186125211506  	65184.34518799998   	122475.17886200006  	0.532224943810427   	0.09166107556807279 	0.09643608889676505 	0.05910976303540176 	0.0                 
40290     	0.3787878787878788  	65396.48706099998   	122888.37020300006  	0.5321617249294714  	0.09187933866008216 	0.09665338493332579 	0.05918807115345265 	0.0                 
40454     	0.3747927031509121  	65720.99054299998   	123261.96472000006  	0.5331814294238352  	0.09098453765677192 	0.09570535094276054 	0.0586310199450914  	0.0                 
40600     	0.37152209492635024 	66039.98694499998   	123959.14653000006  	0.532756063539186   	0.09024829740832353 	0.09492523939069503 	0.05817638021271426 	0.0                 
40654     	0.3713355048859935  	66214.84137899998   	124262.69232400006  	0.5328617957701474  	0.09027883081232357 	0.09495045011234798 	0.05821313174026427 	0.0                 
40690     	0.3717532467532468  	66432.21696699997   	124747.12181600006  	0.5325350677427764  	0.09047325900391716 	0.09514596551010138 	0.058360077206513296	0.0                 
40727     	0.37216828478964403 	66539.97564399998   	124937.58693300006  	0.5325857276216099  	0.09064059928012975 	0.09531471902574441 	0.05847836646691119 	0.0                 
40763     	0.3725806451612903  	66873.91514099998   	125314.79912300006  	0.5336473872919136  	0.09086205819057416 	0.09554065030058957 	0.05859920996240591 	0.0                 
40800     	0.3729903536977492  	67153.72893799997   	125676.73645400006  	0.5343369889508505  	0.09113180083569809 	0.09581986999702527 	0.058724683749300885	0.0                 
40890     	0.37161084529505584 	67322.51833199998   	125898.81762800006  	0.5347351118969315  	0.09096976317346708 	0.09564625706628259 	0.05856507356409344 	0.0                 
40909     	0.37261146496815284 	68030.38964699997   	127429.97404000006  	0.5338648944999812  	0.09144991003760625 	0.09614014360225294 	0.05883066409371121 	0.0                 
40963     	0.3724247226624406  	68171.26579099997   	127684.92390700006  	0.5339022314071538  	0.0915376229932408  	0.09622281002416744 	0.05882459782036633 	0.0                 
41000     	0.37282780410742494 	68676.07598799997   	128705.88418500006  	0.5335892482529075  	0.09179826799211878 	0.09648670241574706 	0.058942777753794834	0.0                 
41138     	0.37205651491365777 	69009.52025999996   	129402.76318300006  	0.5332924781707127  	0.09174381345510019 	0.09641580450239916 	0.05887601696999077 	0.0                 
41194     	0.37245696400625977 	69328.66709199996   	130126.73775400006  	0.5327780307769132  	0.0918719559023568  	0.09654188659957934 	0.05896928223013631 	0.0                 
41250     	0.37285491419656785 	69367.27891699996   	130169.96709100006  	0.5328977218570412  	0.09198342979258772 	0.0966499059889889  	0.05903984617060546 	0.0                 
41416     	0.37094281298299847 	69636.51363199996   	130519.08392000006  	0.5335351087407473  	0.09134896302770214 	0.09598128659285506 	0.05861951700969208 	0.0                 
41444     	0.37191358024691357 	69739.92029299996   	130638.24239500007  	0.5338400074469245  	0.09144058728373468 	0.0960778149207576  	0.05865702898162414 	0.0                 
41500     	0.3723076923076923  	70017.42080299996   	131004.14078600006  	0.5344672342638078  	0.09141492934483647 	0.09605354136108793 	0.058585532610256924	0.0                 
41638     	0.3709923664122137  	70153.56232899996   	131252.45546300005  	0.5344933325744614  	0.09096796658842178 	0.09558723876068262 	0.058235281136316853	0.0                 
41861     	0.3680241327300151  	70269.61559499997   	131523.76223900006  	0.53427315641495    	0.08997392800263106 	0.0945426127580629  	0.0575871012290718  	0.0                 
41944     	0.36786786786786785 	70757.62139499997   	132462.61784600007  	0.5341704893471317  	0.08970327116725821 	0.09425945067208205 	0.057411502712148475	0.0                 
41972     	0.36881559220389803 	70822.46671899996   	132537.13502800008  	0.5343594208825916  	0.08971181047220175 	0.09426920036328272 	0.057409521807660624	0.0                 
42000     	0.36976047904191617 	70942.46977099996   	132749.69711000007  	0.5344077712826348  	0.08973084032143641 	0.09428992397436033 	0.05741217972823754 	0.0                 
42103     	0.3684992570579495  	71315.25854699996   	133449.27632800007  	0.5343997398061329  	0.08924176211915287 	0.09378080657019652 	0.05709341822040876 	0.0                 
42172     	0.36779911373707536 	71621.05664599997   	134044.30842300007  	0.5343088228706235  	0.08890923509271903 	0.09343730289645605 	0.05688115081132561 	0.0                 
42206     	0.36818851251840945 	71844.26910999996   	134331.00951400006  	0.5348301138354231  	0.08887395130258045 	0.09340267647534832 	0.056842163033356055	0.0                 
42241     	0.368575624082232   	71966.45048899997   	134606.68974100007  	0.5346424507390556  	0.08884185968219821 	0.09337164875896438 	0.05680410163847841 	0.0                 
42293     	0.3684210526315789  	72022.61159199997   	134678.34358900005  	0.5347750029640435  	0.08868664738201706 	0.09321324522387804 	0.05668448454827768 	0.0                 
42310     	0.36934306569343067 	72460.81303299997   	135465.26296800005  	0.5349032766438201  	0.08882106750185029 	0.09335589802753712 	0.05675412096383736 	0.0                 
42327     	0.37026239067055394 	72693.88996199997   	135948.62701100006  	0.5347158817287508  	0.08897218278202815 	0.0935157405646473  	0.05683855672322829 	0.0                 
42362     	0.3706395348837209  	72930.97228499997   	136330.89634000006  	0.5349555694485792  	0.08900915551785249 	0.0935558576326756  	0.05685184131942184 	0.0                 
42396     	0.3710144927536232  	73394.83801899997   	137271.71821600007  	0.5346683131299601  	0.089080611476024   	0.09363268686612781 	0.05689253509864119 	0.0                 
42431     	0.3713872832369942  	73740.22438799997   	137868.29782500007  	0.5348599029024091  	0.08913906176743977 	0.09369104656648344 	0.056928506380200604	0.0                 
42482     	0.3712230215827338  	74226.77826199998   	138844.65055200006  	0.5346030831357135  	0.0890996355012935  	0.09364787900907273 	0.05691237598329758 	0.0                 
42500     	0.37212643678160917 	74611.64018299998   	139523.93560600007  	0.5347587126103931  	0.08935046838684947 	0.09390898542176665 	0.057077248327074885	0.0                 
42568     	0.37142857142857144 	74824.47685499999   	139896.05402900008  	0.5348576653883966  	0.08919361908428615 	0.09373961925119256 	0.056976762929517255	0.0                 
42620     	0.3712660028449502  	75171.02003199999   	140536.43409200007  	0.5348863482816876  	0.08918622113716425 	0.09372782127781151 	0.056974157051459015	0.0                 
42637     	0.3721590909090909  	75337.85969899998   	140884.48280800006  	0.5347491661070424  	0.08939775200978027 	0.09394548124551005 	0.05713888594966976 	0.0                 
42672     	0.37252124645892354 	75657.42683899998   	141302.83991300006  	0.5354275036905284  	0.08952897953223449 	0.09407358786950053 	0.05722762075826245 	0.0                 
42706     	0.3728813559322034  	75740.84287999998   	141387.61826800005  	0.5356964337317948  	0.08965604159915666 	0.09419460612700538 	0.05729877520693898 	0.0                 
42810     	0.3711484593837535  	75952.84401399999   	141869.70103400006  	0.5353704382290716  	0.08926514712191734 	0.09377239602694007 	0.05704266607299587 	0.0                 
42862     	0.37099023709902373 	76107.51271899999   	142067.27273400006  	0.5357146037532518  	0.08924306313145235 	0.0937401852938718  	0.05702708560785499 	0.0                 
42896     	0.3713490959666203  	76427.62609299998   	142695.45166800005  	0.5355995947987118  	0.08933904236416537 	0.09383543464675992 	0.05708526203483042 	0.0                 
42931     	0.37170596393897365 	77085.29149299998   	143991.02573900006  	0.535347887810215   	0.08948166672094288 	0.09397238812396386 	0.05717788040499056 	0.0                 
42948     	0.37257617728531855 	77298.07106399999   	144245.20021800007  	0.5358796753526508  	0.08977908924234558 	0.094270770771793   	0.057351879697521715	0.0                 
42982     	0.3729281767955801  	77440.99811799999   	144407.43163500007  	0.5362674014848319  	0.08997085921401289 	0.09446046351613763 	0.057447181245446975	0.0                 
43000     	0.3737931034482759  	77762.03710699998   	145054.74315900006  	0.5360875171228426  	0.09030982182872369 	0.09480447409658707 	0.05763995578543882 	0.0                 
43078     	0.3741403026134801  	77896.11966999999   	145213.67517900007  	0.536424132052164   	0.090488436599501   	0.09497998762513563 	0.057713944723301554	0.0                 
43105     	0.375               	78343.27783499999   	146073.86433500008  	0.5363264550551671  	0.09081790460204493 	0.09531187780506656 	0.05789049440716925 	0.0                 
43131     	0.37585733882030176 	78646.49741799998   	146661.9209120001   	0.5362434702133034  	0.0911650688183668  	0.09566185275221191 	0.05808365399693122 	0.0                 
43157     	0.3767123287671233  	79304.78068299999   	148136.6308440001   	0.5353488885980833  	0.09155701342689683 	0.09605755806922847 	0.058316406726844225	0.0                 
43184     	0.37756497948016415 	79348.644678        	148183.10396500007  	0.5354770048327618  	0.09193424033619264 	0.09643736945014048 	0.058526147031775444	0.0                 
43236     	0.37789904502046384 	80018.820044        	149627.2649870001   	0.5347876942812005  	0.09221236926763306 	0.09671105831507293 	0.058697800656040834	0.0                 
43342     	0.37720488466757124 	80532.48491399999   	150615.3767400001   	0.5346896622183487  	0.09223338796808028 	0.0967131404069721  	0.058711501336285964	0.0                 
43394     	0.37753721244925575 	81023.341989        	151505.6018800001   	0.5347877635123649  	0.09252592572865984 	0.09699518130040821 	0.0588849050471526  	0.0                 
43421     	0.3783783783783784  	81066.173461        	151549.01374800008  	0.5349171958043824  	0.09294972596282897 	0.09741398709517417 	0.059137205340059   	0.0                 
43473     	0.37870619946091644 	81461.630096        	152185.37475700007  	0.5352789663663328  	0.09323591002052296 	0.09768723450721392 	0.0592987681744202  	0.0                 
43526     	0.3790322580645161  	82213.123347        	153670.38108800008  	0.5349965475775079  	0.09358071374515206 	0.09801544181007722 	0.05949690427875553 	0.0                 
43552     	0.37986577181208053 	82822.084531        	155024.0522070001   	0.5342531262207593  	0.09405691715295081 	0.09848226695484305 	0.059794873900310616	0.0                 
43578     	0.3806970509383378  	82902.776738        	155124.69296900008  	0.5344266934637362  	0.094540938894266   	0.09895781656067193 	0.060093228666882506	0.0                 
43631     	0.3810160427807487  	83054.97126         	155438.69400300007  	0.5343262293389893  	0.09487075745422115 	0.09927222740017619 	0.06029978466923325 	0.0                 
43657     	0.3818424566088118  	83284.477373        	155706.86082100007  	0.5348799464189538  	0.09535595091620731 	0.09975008479004065 	0.060588256659909336	0.0                 
43684     	0.38266666666666665 	83935.538302        	157072.28275500008  	0.534375236864176   	0.09580849777450483 	0.10019363144199712 	0.06084195885800853 	0.0                 
43763     	0.38247011952191234 	84029.257358        	157195.41484400007  	0.5345528522024018  	0.09599191674673298 	0.10035586595110722 	0.060932540985329804	0.0                 
43789     	0.383289124668435   	84174.639461        	157466.31819200006  	0.5345564716790109  	0.09643681761846101 	0.100792300221352   	0.06119131791337633 	0.0                 
43868     	0.38309114927344784 	84341.148301        	157785.40102200006  	0.5345307471712182  	0.0965600844276164  	0.1008958624466056  	0.06123036505176689 	0.0                 
43894     	0.3839050131926121  	84409.75951399999   	157865.81730900006  	0.5346930763914508  	0.09694704211751952 	0.10127348177467582 	0.061431302911451324	0.0                 
43921     	0.3847167325428195  	84584.51625599999   	158231.29886700006  	0.5345624845505235  	0.09734649686315258 	0.10166318296351509 	0.06164027289951784 	0.0                 
43973     	0.38501971090670173 	84719.69828799999   	158392.13506000006  	0.5348731378354586  	0.09763902783057511 	0.101938093472073   	0.06176891981185026 	0.0                 
44076     	0.38481675392670156 	84784.48025699999   	158463.52164700005  	0.5350409947714618  	0.09777662317575087 	0.10205588177398625 	0.061802526627031215	0.0                 
44153     	0.38461538461538464 	85114.29130199998   	159159.08284300004  	0.5347749546028713  	0.09789900619294077 	0.10215973301412265 	0.06185303702198448 	0.0                 
44230     	0.38441558441558443 	85321.08730999999   	159529.06652900003  	0.5348309820047111  	0.09802521822528015 	0.10226351536377937 	0.06189455379912008 	0.0                 
44282     	0.38471502590673573 	85465.37045899998   	159751.39663800003  	0.5349898170384468  	0.09825941159894332 	0.10248076503201198 	0.062002637209730725	0.0                 
44358     	0.38451612903225807 	85643.80267499998   	160091.00891000003  	0.5349694730398459  	0.09821560716503315 	0.10242114602913763 	0.061941103051816326	0.0                 
44487     	0.38333333333333336 	86345.79088799999   	161278.21085300003  	0.5353841069498312  	0.09794760627597053 	0.10212580788075332 	0.06174934349845521 	0.0                 
44512     	0.38412291933418696 	87042.68210699999   	162571.46102800002  	0.5354118217096446  	0.09822419707336458 	0.10240194673474276 	0.061906443903466196	0.0                 
44564     	0.384418901660281   	87216.14361799999   	162921.84277500003  	0.5353250499286833  	0.0983646678885393  	0.10253931937006278 	0.06199107585506653 	0.0                 
44666     	0.38373570520965694 	87334.90121899999   	163056.74767200003  	0.5356104697652881  	0.09825968897932383 	0.1024237728800648  	0.06190998550822465 	0.0                 
44692     	0.38451776649746194 	88041.842221        	164375.59860000003  	0.5356138196353919  	0.09856894940580684 	0.10274042748578908 	0.062096946007328103	0.0                 
44897     	0.38190954773869346 	88471.377718        	165105.88581400004  	0.5358462981608505  	0.09797874580573258 	0.10212139782609225 	0.06173820058795813 	0.0                 
44923     	0.38268506900878296 	88612.411962        	165294.19892900003  	0.5360890614198887  	0.09827383251211899 	0.10242524322681534 	0.0619280714810555  	0.0                 
45000     	0.3825              	89221.473286        	166677.33112400005  	0.5352945879582356  	0.09830789975768173 	0.10245712233971513 	0.0619952048255087  	0.0                 
45046     	0.383270911360799   	89302.654461        	166771.06492700006  	0.5354805073655315  	0.09855360817664811 	0.10271518415616133 	0.06218602885045771 	0.0                 
45093     	0.3835616438356164  	89781.985688        	167601.46606100007  	0.5356873528500224  	0.09866867823456062 	0.10283828569058807 	0.062291238157582515	0.0                 
45116     	0.3843283582089552  	89862.548867        	167755.20713400008  	0.5356766588784293  	0.09891184027319973 	0.10309584262457741 	0.06247724261397628 	0.0                 
45139     	0.38509316770186336 	90167.08219100001   	168511.13894900007  	0.5350808424497628  	0.09913159299187035 	0.10332928439376998 	0.0626517959898043  	0.0                 
45162     	0.3858560794044665  	90429.33230400001   	168838.70596000008  	0.5355959807310049  	0.09938616975352148 	0.1035998777589408  	0.06282965547538208 	0.0                 
45302     	0.3842364532019704  	90963.262524        	169784.76512600007  	0.535756329235398   	0.09901221109679571 	0.10321233479977278 	0.06260157721853488 	0.0                 
45441     	0.38264058679706603 	91328.241028        	170476.71864900007  	0.5357226590924631  	0.09862088908685988 	0.1028081400758058  	0.0623732430612313  	0.0                 
45581     	0.38106796116504854 	91802.18626300001   	171537.28192600008  	0.5351733759113824  	0.09810765984706676 	0.10227684107544588 	0.06208726364375196 	0.0                 
45674     	0.3804347826086957  	91906.87539000002   	171780.71219000008  	0.5350244169924347  	0.09783907427630809 	0.10200051849158093 	0.06196177647568391 	0.0                 
45790     	0.3793517406962785  	92073.87245800001   	172085.80265900007  	0.5350463026891926  	0.09745388581554242 	0.10160395168974036 	0.06176209313633609 	0.0                 
45837     	0.37964071856287424 	92162.60646200001   	172218.09427500007  	0.535150541817247   	0.09739683376876437 	0.10154936081403722 	0.06175359710100341 	0.0                 
45930     	0.37902264600715135 	92376.30824500001   	172551.38556300008  	0.535355354832967   	0.09712583186193452 	0.10127123721320695 	0.06160386953095213 	0.0                 
46060     	0.37841043890865955 	93121.551128        	173777.96556100008  	0.535865124369362   	0.09682040355300699 	0.10095538063829906 	0.06142316037176678 	0.0                 
46151     	0.37825059101654845 	93208.628823        	173882.90576600007  	0.5360425075276457  	0.09664179887065111 	0.10077059551361986 	0.061317307614840895	0.0                 
46242     	0.37809187279151946 	93256.171497        	173933.97971500008  	0.5361584415523931  	0.09645955731935858 	0.10058335391018104 	0.061205045383833624	0.0                 
46272     	0.3788235294117647  	93284.848375        	173965.10697200007  	0.5362273504077707  	0.09650879540605299 	0.100637434871264   	0.06123743187180597 	0.0                 
46363     	0.3786635404454865  	93835.656478        	174954.69853100006  	0.5363425919160059  	0.0963598502054692  	0.1004846057810322  	0.061148400198639374	0.0                 
46424     	0.37894736842105264 	94095.66439600001   	175404.87892600006  	0.5364483871380633  	0.09631598535483872 	0.10044228531348415 	0.06112140613410223 	0.0                 
46454     	0.3796728971962617  	94300.21367900001   	175774.83447900007  	0.536483017938874   	0.09639085454692224 	0.10052370997247721 	0.061172170753021504	0.0                 
46575     	0.37906976744186044 	94401.133835        	175882.34719000006  	0.5367288721307629  	0.09611217233753072 	0.10023745925680481 	0.06100092947165061 	0.0                 
46696     	0.3784722222222222  	94949.039           	176963.23463700005  	0.5365466968026801  	0.09586359719496651 	0.09998417924763278 	0.060856381552673255	0.0                 
46787     	0.37831603229527105 	95251.349468        	177445.65055800005  	0.5367916833603428  	0.0956921524110992  	0.09981309351497643 	0.060761746072860806	0.0                 
46848     	0.378596087456847   	95594.66831         	178315.11216700004  	0.5360996448829941  	0.09564376230365387 	0.09976947870583554 	0.06075418207700859 	0.0                 
46909     	0.3788748564867968  	96110.102241        	179247.99211200004  	0.5361850981345847  	0.09560503585058788 	0.09973525476368114 	0.06075832333022655 	0.0                 
46939     	0.3795871559633027  	96301.077903        	179669.43992400003  	0.5359903049941895  	0.09568536352497446 	0.09982659528294727 	0.060842542830776135	0.0                 
46969     	0.38029782359679265 	96379.97813999999   	179753.04325500003  	0.5361799521984955  	0.09574553739527597 	0.09989855214231601 	0.0609050648241335  	0.0                 
47045     	0.38057142857142856 	96863.13812799999   	180596.570643       	0.5363509272802155  	0.09568965439046051 	0.09984595245812274 	0.06089088045001655 	0.0                 
47068     	0.3812785388127854  	97348.21338199999   	181483.957484       	0.536401204445756   	0.09576503706833676 	0.09993054441088443 	0.06096716636934154 	0.0                 
47113     	0.3815489749430524  	97447.91701499998   	181669.45720300003  	0.5364023128340737  	0.09572044050560562 	0.09988854536816973 	0.06095581319395813 	0.0                 
47204     	0.38095238095238093 	97520.19131799998   	181762.49800700002  	0.5365253690243864  	0.09546267511936514 	0.09962483777578825 	0.06080702121585743 	0.0                 
47227     	0.38165345413363533 	98076.04757899998   	182809.38083600003  	0.5364935165279341  	0.09555717753483642 	0.0997320189161666  	0.06089057447057111 	0.0                 
47295     	0.38148984198645597 	98730.55981599998   	184089.94181400002  	0.5363169700806083  	0.09546056876862365 	0.09963570596926255 	0.060862723295934916	0.0                 
47340     	0.38175675675675674 	98767.90669099998   	184140.053133       	0.5363738361673126  	0.09547575769012762 	0.09965673914136086 	0.060904091199627516	0.0                 
47409     	0.38159371492704824 	99117.69773499998   	184846.949056       	0.536214951024006   	0.09538687164165674 	0.09956902558572193 	0.06087405412145739 	0.0                 
47431     	0.38228699551569506 	99683.83368299998   	185885.310212       	0.5362652571594374  	0.09554004880556717 	0.09973547368313508 	0.06100242736332028 	0.0                 
47454     	0.3829787234042553  	99802.19492699997   	186040.64455700002  	0.5364537150720422  	0.09566944512559328 	0.0998768203762509  	0.06111551127776017 	0.0                 
47500     	0.38324022346368714 	100328.96942099997  	187085.97141100004  	0.5362720072719518  	0.0957213853190479  	0.0999360664278897  	0.06118311063932052 	0.0                 
47704     	0.3805309734513274  	100403.51522999998  	187183.05565300005  	0.5363921156203797  	0.09502128984295176 	0.09920955478463427 	0.0607689438797777  	0.0                 
47772     	0.38037486218302097 	100527.87249299997  	187463.40592000005  	0.5362533130113949  	0.09494299350519501 	0.09913313038160833 	0.060748051614382306	0.0                 
47795     	0.381057268722467   	100912.79662499997  	188114.24426800004  	0.5364442071767458  	0.09509406082634846 	0.09929639780930355 	0.06087427013144082 	0.0                 
47863     	0.3809001097694841  	101003.47841399997  	188236.64988300003  	0.536577114375864   	0.09501133584232906 	0.09921856634618709 	0.060841560507438996	0.0                 
48052     	0.3790849673202614  	101133.19782999998  	188394.83610500002  	0.5368151267884772  	0.09450226899225417 	0.09869540240372647 	0.060527402005833134	0.0                 
48184     	0.3781148429035753  	101861.61799299998  	189977.25749100003  	0.5361779580265051  	0.09420265275549994 	0.09838626033661889 	0.06036184873112031 	0.0                 
48236     	0.3783783783783784  	102172.40482099997  	190562.58073800002  	0.5361619496614312  	0.09422550148014258 	0.09841316594888158 	0.06040614295853756 	0.0                 
48289     	0.3786407766990291  	102668.17674899998  	191654.745266       	0.5356933719877665  	0.09426908104464472 	0.09846310669050223 	0.060475588120896547	0.0                 
48342     	0.3789020452099031  	102915.59061199997  	192061.846748       	0.5358460951749213  	0.09429037637236473 	0.09848882098346644 	0.06052992179067782 	0.0                 
48368     	0.3795698924731183  	102992.01557599998  	192228.13770000002  	0.5357801246388497  	0.0944160461897289  	0.09862350326316423 	0.06065280528874453 	0.0                 
48500     	0.3786096256684492  	103077.49074899998  	192387.830783       	0.5357796817474602  	0.09414241272295995 	0.09834187523578442 	0.06051878133542889 	0.0                 
48631     	0.3776595744680851  	103313.12755799998  	192664.51832300003  	0.5362332849725688  	0.09385323766550602 	0.0980460925525161  	0.06033967409323815 	0.0                 
48684     	0.37791932059447986 	103694.93319699998  	193409.27570000003  	0.5361425031022954  	0.09387195490001318 	0.0980704890970205  	0.060349091343834246	0.0                 
48736     	0.3781779661016949  	104374.16443899997  	194683.81316400002  	0.5361214306557477  	0.0939143582662292  	0.09811925888868794 	0.06038824933050129 	0.0                 
48789     	0.3784355179704017  	104718.59747799997  	195116.33943900003  	0.536698247717683   	0.09398512703932695 	0.09819522095934469 	0.06043024906677235 	0.0                 
48842     	0.37869198312236285 	104950.57994799997  	195581.76095000003  	0.5366071940360038  	0.09399351762924911 	0.09820652049447925 	0.06042327042759679 	0.0                 
48868     	0.3793466807165437  	105140.16675499997  	196010.59102500003  	0.5364004373701926  	0.09410889127758663 	0.09833009756155173 	0.06049004875277083 	0.0                 
48973     	0.378803777544596   	105720.71443999997  	197083.94604100002  	0.5364247903682958  	0.09395510844893097 	0.09816812810143885 	0.06038951132443078 	0.0                 
49054     	0.37905759162303665 	105790.46833099997  	197164.843808       	0.5365584770985805  	0.09398169364291574 	0.09819665362819192 	0.060399601666938973	0.0                 
49513     	0.3734567901234568  	106097.55971099997  	197800.87367        	0.5363856981137871  	0.0924582661840305  	0.09661082599066399 	0.059454073495050656	0.0                 
49540     	0.37410071942446044 	106797.12302999996  	199294.44704        	0.5358760598511052  	0.09251306538230919 	0.09666975404113551 	0.059536326576458264	0.0                 
49621     	0.3739754098360656  	107157.39564699995  	199959.44351        	0.5358956484675403  	0.09239608271717918 	0.09654912642855498 	0.05950793614958572 	0.0                 
49675     	0.37423312883435583 	107766.11034599996  	201269.01315800002  	0.5354331928949316  	0.0923934166473494  	0.09655029331184281 	0.059567048902142046	0.0                 
49756     	0.37410805300713557 	108150.24903599996  	202025.12893200002  	0.5353306769694103  	0.09230241445364702 	0.09645770329595432 	0.059573981757780434	0.0                 
49891     	0.37322515212981744 	108265.99190299996  	202226.004921       	0.5353712641719559  	0.09196604040144257 	0.09611350501970943 	0.059412204963543644	0.0                 
49945     	0.3734817813765182  	108490.99425799996  	202539.586677       	0.5356532816027514  	0.09188307124155867 	0.0960303406924533  	0.05937587510432655 	0.0                 
49972     	0.3741152679474216  	108564.97813399996  	202624.77600100002  	0.5357932049408615  	0.0919008375822809  	0.09605326264295662 	0.059400199451858336	0.0                 
50000     	0.3747474747474748  	108752.76240599997  	202868.12225900003  	0.5360761523052706  	0.09193598063554011 	0.09609361442135407 	0.0594268445746518  	0.0                 
50344     	0.37237237237237236 	108899.96445999996  	203100.22437        	0.5361883020946855  	0.09121363930026906 	0.0953426079505307  	0.058952942160128294	0.0                 
50379     	0.373               	108994.43783099996  	203280.588733       	0.5361773030584799  	0.09123371566864386 	0.09536766032497085 	0.05895807771095541 	0.0                 
