25738     	0.5                 	397.746648          	774.905377          	0.5132841503047152  	0.00809005772978011 	0.006920413761880863	0.0                 
25761     	0.6666666666666666  	654.5005289999999   	1096.297993         	0.5970096936955717  	0.018525208086922568	0.010050933425323942	0.09610661538461542 
25833     	0.5                 	744.4878019999999   	1259.208692         	0.5912346434152472  	0.016678227757540895	0.008150502792449976	0.06407107692307694 
25857     	0.5714285714285714  	867.4822929999999   	1466.874149         	0.5913815398487876  	0.021734260314177245	0.010077900138604847	0.04805330769230771 
25880     	0.625               	1193.100669         	2211.181871         	0.5395759998974775  	0.027288860241381163	0.013384946856290457	0.03844264615384617 
25976     	0.5                 	1618.2645149999998  	3026.984391         	0.5346127716454419  	0.02587925209185187 	0.013270691338350323	0.03203553846153847 
26000     	0.5384615384615384  	1700.520869         	3185.163187         	0.5338881461209102  	0.0313744187530699  	0.016461297930357645	0.027459032967032976
26078     	0.5                 	1830.067027         	3355.0200090000003  	0.5454712705410872  	0.030707196542141504	0.01675473135119441 	0.057610499999999995
26098     	0.5294117647058824  	1989.765805         	3544.669049         	0.5613403613974456  	0.03475542810403479 	0.01903065627391449 	0.07472188888888891 
26156     	0.5                 	2093.813059         	3674.157525         	0.5698756911626972  	0.034382163876786706	0.0182466426641551  	0.06724970000000001 
26254     	0.44                	2346.656762         	4098.2737640000005  	0.5725963898784581  	0.03121718210539026 	0.01599752705934113 	0.06113609090909092 
26333     	0.41379310344827586 	3091.9336430000003  	5446.827642         	0.5676576984295183  	0.03139112341586608 	0.015738943027303474	0.05604141666666668 
26411     	0.3939393939393939  	3201.56109          	5598.736346000001   	0.5718363738073405  	0.03183306677810994 	0.015589824426866523	0.051730538461538474
26450     	0.4                 	3286.154082         	5686.654116000001   	0.5778712780779227  	0.034288335886619684	0.016361870409549343	0.0579083669950739  
26470     	0.4166666666666667  	3673.488363         	6174.336343000001   	0.5949608441990247  	0.03861595162150236 	0.017640785730096115	0.05404780919540231 
26490     	0.43243243243243246 	3768.689179         	6352.880255000001   	0.5932252817190868  	0.042880802391030384	0.01895573095509932 	0.0523081782635468  
26509     	0.4473684210526316  	3926.75009          	6524.517914000001   	0.6018452461559138  	0.04696782662077039 	0.02018486884127669 	0.06452990424804406 
26588     	0.42857142857142855 	3977.982045         	6589.337931000001   	0.6036998081833541  	0.04735321045667847 	0.019837089482682042	0.06259161845648606 
26607     	0.4418604651162791  	4593.586415         	7795.8692790000005  	0.5892333812438211  	0.05177148679701848 	0.02147000551833445 	0.059297322748249955
26647     	0.4444444444444444  	4667.8383109999995  	7885.757963         	0.5919327391103697  	0.054931197306777056	0.022530423710951774	0.06979714232512316 
26666     	0.45652173913043476 	5207.951230999999   	8924.421445         	0.583561776311876   	0.05962014940915893 	0.02450035240027628 	0.06647346888106968 
26705     	0.4583333333333333  	5825.941841999999   	10244.751033999999  	0.5686757855476452  	0.0633752956335448  	0.026352651448151087	0.06345194756829378 
26725     	0.46938775510204084 	5951.445765999999   	10398.296127999998  	0.5723481705790482  	0.06852457437458558 	0.0286510175102692  	0.07049504612122512 
26745     	0.48                	6480.648051999999   	11427.276095999998  	0.5671209829496011  	0.07372703970950728 	0.03108246326871251 	0.06755775253284073 
26764     	0.49019607843137253 	6609.997256999999   	11719.104432999999  	0.5640360400225474  	0.07882274623662763 	0.033534302194576406	0.0648554424315271  
26784     	0.5                 	6801.601968999999   	12104.939541999998  	0.5618864881894509  	0.08380867947452111 	0.035973984681401255	0.06504878629872696 
26803     	0.5094339622641509  	6955.172659         	12391.967824999998  	0.5612645834157499  	0.08876221692859936 	0.03843964045596095 	0.0626395719913667  
26882     	0.49122807017543857 	7656.229582         	13846.509473999999  	0.5529357125256967  	0.08914340410241216 	0.03919853601833321 	0.060402444420246455
26921     	0.4915254237288136  	7685.65642          	13877.189309999998  	0.5538337950366984  	0.09255980507622096 	0.04120993331027311 	0.05831960150920348 
26960     	0.4918032786885246  	8223.204343         	14891.802399999999  	0.5521967134750593  	0.0962575367001499  	0.04336985510175362 	0.05637561479223003 
27048     	0.484375            	8765.918397         	16037.342343999999  	0.5465942055093415  	0.09681666460292117 	0.04420260153264312 	0.05455704657312583 
27097     	0.48484848484848486 	9009.058028         	16577.744961999997  	0.5434429138975676  	0.09887747973092212 	0.04578544542675667 	0.05285213886771565 
27121     	0.4925373134328358  	9124.213028999999   	16822.812048999996  	0.5423714538582373  	0.10222714274260242 	0.048031024823235416	0.051250558902027295
27146     	0.5                 	9452.610827999999   	17552.262523999998  	0.5385408755751584  	0.10569180233310428 	0.050425802255551926	0.0503753290719927  
27317     	0.4666666666666667  	9581.378771         	17832.024941        	0.5373129974134438  	0.10036584410466434 	0.04859757171587086 	0.04893603395565005 
27341     	0.47368421052631576 	9700.913231999999   	17982.12608         	0.5394753205956834  	0.10311977614511418 	0.05030833012527378 	0.04757669967910422 
27365     	0.4805194805194805  	10040.152430999999  	18704.227501999998  	0.5367851962839112  	0.10601430030361993 	0.052156100656932346	0.04629084293102032 
27439     	0.475               	10135.965712999998  	18896.336661999998  	0.5363984508903855  	0.10586422656532331 	0.05241322737565259 	0.0450726628538882  
27487     	0.47560975609756095 	10455.148589999997  	19587.932037        	0.5337545877865554  	0.10710145728972721 	0.05346183288149532 	0.04391695354994236 
27560     	0.47058823529411764 	10665.394575999997  	20064.380543        	0.5315586271473957  	0.10697339076086407 	0.053807966275194706	0.04281902971119379 
27609     	0.47126436781609193 	10754.871583999997  	20181.575329        	0.5329054550338168  	0.10818928611121233 	0.05476387346777132 	0.041774663132871995
27658     	0.47191011235955055 	10880.718571999996  	20471.063853        	0.5315170061572274  	0.10839674645890594 	0.055072237501149646	0.040780028296375045
27707     	0.4725274725274725  	10910.804279999997  	20506.714137        	0.5320600953964523  	0.10862647884435717 	0.05536893614245823 	0.03983165554529655 
27756     	0.4731182795698925  	10963.282825999997  	20572.442124999998  	0.5329111030856769  	0.10889454415890498 	0.05565859473257128 	0.03892639064653981 
27853     	0.4639175257731959  	11665.780200999998  	21814.393606999998  	0.5347744434782995  	0.10683085199007353 	0.05498092522527603 	0.038061359743283375
27878     	0.46938775510204084 	11940.387412999999  	22178.185647        	0.5383843206585815  	0.10832134052791391 	0.055937069497812984	0.037233938879298954
27902     	0.47474747474747475 	12013.892442999999  	22265.242446999997  	0.5395805804314852  	0.10969561469217107 	0.05673057605639204 	0.03644172741378195 
28000     	0.46601941747572817 	12500.814815999998  	23270.652717999998  	0.5371922724939528  	0.10804432842147572 	0.056010092592130745	0.03568252475932816 
28052     	0.47115384615384615 	12650.063155999998  	23607.115371999997  	0.5358580646834991  	0.10927135296877087 	0.0568173842126727  	0.03495430996832147 
28078     	0.47619047619047616 	12740.368846999998  	23717.629086999998  	0.5371687363971466  	0.110158840577574   	0.0572629802686306  	0.03425522376895504 
28131     	0.4766355140186916  	12877.314715999997  	24003.734035999998  	0.5364713130335068  	0.11003001244127546 	0.057208095968920604	0.0335835527146618  
28184     	0.47706422018348627 	12977.785368999997  	24111.50842         	0.5382402935120887  	0.10983736194433859 	0.05705015995494197 	0.03293771516245676 
28315     	0.4649122807017544  	13084.860461999997  	24306.266122999998  	0.5383328066838841  	0.10671582043512116 	0.05536836406290548 	0.032316248838636825
28342     	0.46956521739130436 	13160.910161999996  	24477.507647        	0.5376736206887884  	0.10728571371595429 	0.055571189532701015	0.03171779978606948 
28368     	0.47413793103448276 	13617.873847999996  	25428.723031999998  	0.5355311720082443  	0.10803499855211168 	0.055917674788602593	0.03114111251723185 
28394     	0.47863247863247865 	14142.127337999995  	26461.476608999998  	0.5344421079355042  	0.10896696504345196 	0.05638644661060713 	0.0323987213710908  
28421     	0.4830508474576271  	14262.901012999995  	26607.347009999998  	0.5360512270403917  	0.10977725470678941 	0.056660705434741596	0.03183032275054535 
28473     	0.48333333333333334 	14987.685609999995  	28086.907229999997  	0.5336182260035897  	0.10957573433886306 	0.05652456053658553 	0.0312815240824325  
28500     	0.48760330578512395 	15024.084478999996  	28130.929088999997  	0.5340770804784704  	0.11031218122421309 	0.05686139819819658 	0.0355250814269236  
28631     	0.47619047619047616 	15318.256031999996  	28750.925691999997  	0.5327917506413483  	0.10745448023980686 	0.055432966317997816	0.034932996736474875
28657     	0.48031496062992124 	15425.695155999996  	28943.599285999997  	0.5329570453064348  	0.10817484840394037 	0.05584114316028224 	0.03436032465882775 
28763     	0.4732824427480916  	15630.916724999995  	29383.821138999996  	0.5319565706263333  	0.10646528024012104 	0.05502345266914775 	0.03380612587400794 
28815     	0.47368421052631576 	15656.749443999995  	29409.731519999998  	0.5323662826827464  	0.10616748057537338 	0.05502410150680201 	0.03326952070140464 
28868     	0.4740740740740741  	16201.683795999996  	30525.022429999997  	0.5307673019128392  	0.10605102279020096 	0.05519268184237986 	0.032749684440445195
28894     	0.47794117647058826 	16340.666067999995  	30679.288516999997  	0.5326285861859316  	0.10672134914329606 	0.05576080567911709 	0.033980984451902736
28921     	0.48175182481751827 	16573.273857999993  	31163.546728999998  	0.5318160350014759  	0.10749454774442604 	0.056393156120864076	0.033466121051116335
29120     	0.46206896551724136 	16969.912291999994  	31904.389886999998  	0.5318989754107375  	0.10293062370844297 	0.05419259605957745 	0.03296662670706982 
29160     	0.46258503401360546 	17032.881200999993  	31986.675365999996  	0.5324992674638819  	0.10291856610063137 	0.054358360452102364	0.03248182337314232 
29220     	0.46                	17237.482880999993  	32429.857717999996  	0.531531252184077   	0.10191553611541908 	0.05394609278905269 	0.032011072309763446
29260     	0.4605263157894737  	17394.723357999992  	32646.327394999997  	0.5328232835361478  	0.10154217434024024 	0.05376478124744184 	0.031553771276766826
29400     	0.44654088050314467 	17742.546284999993  	33360.37811         	0.531844879770159   	0.09802500056301734 	0.051974451138376315	0.031109351963009547
29420     	0.45                	18052.081092999993  	33954.387602999996  	0.5316568010022076  	0.09843978393312836 	0.052305239084083674	0.03144295478438498 
29440     	0.453416149068323   	18445.205171999994  	34741.163435999995  	0.5309322817003427  	0.09892889835326679 	0.05273362855623478 	0.031012229376379707
29460     	0.4567901234567901  	18746.258089999996  	35348.77464999999   	0.5303227134635627  	0.09949451765890907 	0.05322711436390226 	0.03059314519561782 
29540     	0.45180722891566266 	18880.340724999995  	35516.442188999994  	0.531594370419443   	0.09820593459063079 	0.052668114871915216	0.030185236593009583
29560     	0.4550898203592814  	19120.574544999996  	35828.518534999996  	0.5336691363981901  	0.09889227976239265 	0.05308960720400081 	0.02978806242731209 
29600     	0.4556213017751479  	19287.860380999995  	36149.14012899999   	0.5335634627039623  	0.09890675564664192 	0.05319445155917714 	0.029401204473710633
29660     	0.45348837209302323 	19945.363112999996  	37463.90457399999   	0.5323887976920085  	0.09854622530164577 	0.053132865204730685	0.029024265954816907
29680     	0.45664739884393063 	20097.242010999995  	37654.259999999995  	0.5337308982038154  	0.09942429819736669 	0.053696146893696034	0.0317890808523147  
29740     	0.45454545454545453 	20596.286655999997  	38819.93307499999   	0.530559561146281   	0.09911392551193966 	0.05366960391235809 	0.03139171734166077 
29760     	0.4576271186440678  	21000.253917        	39624.80667599999   	0.5299774479333791  	0.10006836220162778 	0.0543381986345534  	0.03100416527571434 
29780     	0.4606741573033708  	21475.647999999997  	40533.641836999996  	0.5298228095654745  	0.10111197057258463 	0.05509628261182335 	0.030626065699181238
29800     	0.46368715083798884 	21830.959634        	41137.058929        	0.5306883914982565  	0.10227270463827039 	0.0559081170839435  	0.03025707695581761 
29840     	0.46408839779005523 	22170.242497        	41852.929727999996  	0.5297178152421645  	0.10277507326517028 	0.056456327206419674	0.02989687365872454 
29880     	0.4644808743169399  	22368.970063        	42119.55471799999   	0.5310827764625089  	0.10330945201083527 	0.056929236327707945	0.029545145733327782
29920     	0.4648648648648649  	22442.439074        	42196.61048099999   	0.5318540711724994  	0.10373307500292488 	0.05723348268053948 	0.029201597527126297
29960     	0.46524064171123    	23001.290927000002  	43269.06028399999   	0.5315874848223918  	0.1043032942882064  	0.057641214473085255	0.028865946980837488
29980     	0.46808510638297873 	23091.044371000004  	43378.46317599999   	0.5323158701430343  	0.10547296351249379 	0.058352763443395794	0.031615659856055245
30113     	0.46113989637305697 	23595.530913000002  	44323.32857299999   	0.5323501567383064  	0.10453107500030138 	0.05787217394470976 	0.03126042772284114 
30159     	0.46153846153846156 	23796.737183        	44680.78851099999   	0.5325943873425928  	0.10528989965161968 	0.05833282985794448 	0.030913089637031797
30181     	0.4642857142857143  	24144.670316        	45100.30568399999   	0.5353549150015114  	0.10673363619066614 	0.05909386256057668 	0.030654844999110645
30204     	0.467005076142132   	24564.437388        	46015.96139799999   	0.5338242783963143  	0.1082234397190021  	0.05994578944661105 	0.03032164016216379 
30227     	0.4696969696969697  	25257.089751        	47470.17858299999   	0.5320622442327415  	0.10975265756777333 	0.06085895103125961 	0.029995601020635147
30272     	0.47                	25399.666955        	47647.353448999995  	0.533076133644797   	0.11079030457177654 	0.061461226242724806	0.029676498882117753
30295     	0.472636815920398   	25475.606812        	47800.072338        	0.5329616790505871  	0.11238756434295762 	0.062372443586635386	0.029364114683358616
30386     	0.4682926829268293  	25649.784067        	48032.951562999995  	0.5340039125715137  	0.11231395542861015 	0.06230508197306062 	0.031509692192444004
30409     	0.470873786407767   	25762.859386        	48185.96410699999   	0.5346548494659552  	0.1139272140157493  	0.0631549283352048  	0.031184850004893034
30431     	0.47342995169082125 	26334.090216        	49267.22667599999   	0.5345153765033901  	0.11569260894102693 	0.06409140705694064 	0.030866637249741063
30500     	0.4714285714285714  	26455.276325        	49398.11658699999   	0.5355523277574147  	0.11619441622275375 	0.06423609885709172 	0.03345639744471059 
30522     	0.47393364928909953 	26682.186963        	49705.82759999999   	0.5368019858299272  	0.11791082175087413 	0.06500161332371805 	0.033121833470263484
30568     	0.47417840375586856 	27210.259443        	50855.35163299999   	0.5350520362018948  	0.11903677237110702 	0.0654948003650348  	0.03279389452501335 
30590     	0.4766355140186916  	27829.748171        	52168.07326099999   	0.5334632167027926  	0.12057942967028248 	0.0663955029021466  	0.03290181472674891 
30613     	0.4790697674418605  	28221.455768        	52872.03404099999   	0.5337690573076018  	0.1219091168978028  	0.06721094179197595 	0.03258237963231446 
30659     	0.4792626728110599  	28392.423058        	53206.39429299999   	0.5336280241364787  	0.12265887838897266 	0.06770054949457574 	0.032269087520465284
30681     	0.481651376146789   	28567.092644        	53409.61709999999   	0.5348679544081586  	0.1240604061174139  	0.06850015365529052 	0.03196176287741323 
30727     	0.4818181818181818  	29044.200639        	54387.76804499999   	0.5340208227513412  	0.12487497255714955 	0.06905047240889083 	0.031660236812531974
30750     	0.4841628959276018  	29505.932398999998  	55351.788817999986  	0.5330619484768104  	0.12634068812611304 	0.06999982696195936 	0.03136434674886345 
30772     	0.4864864864864865  	29678.733823        	55731.635120999985  	0.5325293930200317  	0.1278233211751539  	0.07097893049823828 	0.03107393613081842 
30795     	0.48878923766816146 	30065.718362        	56411.80318199998   	0.5329685751224744  	0.12940752844051445 	0.07200266518780445 	0.030788854147966876
30818     	0.49107142857142855 	30439.798265        	57225.27870099998   	0.5319292270125384  	0.1309264780608518  	0.07299672416002219 	0.03050895547389445 
30863     	0.4911504424778761  	30771.058915        	57889.16534599998   	0.53155126233179    	0.1318015684175934  	0.07370528226413825 	0.031027775494650155
31000     	0.4827586206896552  	31421.209414        	59008.72365499998   	0.532484139086062   	0.1302856340554891  	0.07295843393210097 	0.030750741784876492
31265     	0.46311475409836067 	31583.194099        	59294.70405099998   	0.5326478073292173  	0.12539202669643165 	0.07031499575285449 	0.030478611326603247
31306     	0.4634146341463415  	31683.215777        	59430.01182899998   	0.5331181132550202  	0.1258044478244892  	0.07065020291552988 	0.032458324209703224
31346     	0.4637096774193548  	31806.430633        	59631.20866099998   	0.5333856439807844  	0.12615098994627372 	0.07091689791772456 	0.03217607791222754 
31387     	0.464               	32187.147375        	60075.206838999984  	0.5357808831397074  	0.1266646033506311  	0.07119071616204728 	0.03189869793022558 
31408     	0.46613545816733065 	32572.389542        	60738.41777299999   	0.5362732638794451  	0.12777681925996456 	0.07179398270420853 	0.0316260594863775  
31448     	0.466403162055336   	32672.819068        	60866.040596999985  	0.5367988248870982  	0.12836445402477717 	0.07207093774144563 	0.033806501289947964
31571     	0.4594594594594595  	32736.8532          	60930.93388299998   	0.537278047680371   	0.1268110813892169  	0.07107510206859374 	0.033522413043813946
31591     	0.46153846153846156 	33001.407096        	61246.53922999998   	0.5388289283100447  	0.12784481104996306 	0.0714808431053389  	0.033243059601782164
31653     	0.4600760456273764  	33165.056302000005  	61606.08128099998   	0.5383406250224925  	0.12785638324829837 	0.07131412627531053 	0.03331374453209977 
31734     	0.45692883895131087 	33258.135458000004  	61708.425645999974  	0.5389561491779177  	0.12732978170264483 	0.07082778775462624 	0.03304068105232846 
31836     	0.4522058823529412  	33700.827469        	62652.426312999974  	0.5379013942833895  	0.12629421260242124 	0.07015519681464216 	0.03295598056274313 
31877     	0.45255474452554745 	34263.73953100001   	63836.46980699997   	0.5367423924692468  	0.1267697503154432  	0.07035483936181125 	0.03269020652594682 
31918     	0.4528985507246377  	34584.90404000001   	64208.67825899997   	0.5386328605067078  	0.1272932074904264  	0.07051424441986986 	0.03242868487373924 
32133     	0.4452296819787986  	34720.60815000001   	64391.77912499997   	0.5392087098975621  	0.12536751156742132 	0.06941451728026964 	0.03433932421108505 
32166     	0.4471830985915493  	34876.01964300001   	64594.13495799997   	0.5399254849635635  	0.12620424639361816 	0.06981797579453417 	0.03406893583147021 
32200     	0.44912280701754387 	34981.73727900001   	64797.70215399998   	0.5398607684553607  	0.12706768933721735 	0.07023036911461995 	0.03380277227028684 
32266     	0.44947735191637633 	35281.94208200001   	65400.19322099998   	0.5394776428683545  	0.12745123327858726 	0.07037205565902599 	0.033540735275943534
32300     	0.4513888888888889  	35394.23184800001   	65584.30089799999   	0.5396753699188912  	0.1281834398711215  	0.07070055050984857 	0.034144276323271446
32366     	0.4517241379310345  	35497.44524700001   	65711.40103299999   	0.5402022280604448  	0.1284994209612328  	0.07078519262134701 	0.03388363299255945 
32400     	0.4536082474226804  	35649.65508600001   	65902.33194399999   	0.5409467925398003  	0.12930391284623236 	0.07111752159793076 	0.03454797424694482 
32433     	0.4554794520547945  	35871.213076000015  	66337.765651        	0.5407359250644174  	0.1301434132122722  	0.07147524362331623 	0.03428821504208057 
32533     	0.4542372881355932  	36116.631709000016  	66775.323018        	0.540867944573842   	0.13014804104078073 	0.0713681948410882  	0.034032332840274   
32800     	0.44554455445544555 	36301.13015000002   	67032.830683        	0.5415425513159218  	0.12779760186995384 	0.07000426041098891 	0.0337802414859016  
32900     	0.4444444444444444  	36539.94716200002   	67547.367667        	0.5409529404926237  	0.12747215337429996 	0.06974387954426235 	0.0335318573573288  
32933     	0.44625407166123776 	37017.96908400002   	68457.893565        	0.5407406970366664  	0.12807124280167279 	0.06999968862879284 	0.03331173664047921 
32966     	0.44805194805194803 	37379.157111000015  	69196.877869        	0.5401856017516329  	0.1287317305916331  	0.07029913602699667 	0.03307034724453371 
33041     	0.4483870967741935  	37475.262810000015  	69379.78243400001   	0.5401467328850403  	0.12867310045857425 	0.0702164988795949  	0.03283243107730685 
33062     	0.45016077170418006 	37531.794472000016  	69524.63784400001   	0.5398344476991622  	0.1289505836465247  	0.07033236136447657 	0.032597913712468944
33083     	0.4519230769230769  	37594.01413900001   	69592.501375        	0.5402020820666329  	0.12924645857962008 	0.07044816402321706 	0.032366722835075544
33145     	0.4507936507936508  	37848.02688100001   	69882.407978        	0.5415959177153015  	0.1288157945674581  	0.07011998792504308 	0.032138788167222904
33187     	0.45110410094637227 	38247.932238000016  	70670.958475        	0.5412114546533325  	0.12882233646100322 	0.07003738979881569 	0.03191404139682274 
33208     	0.4528301886792453  	38419.233236000015  	71030.940317        	0.5408802567520713  	0.1292522146386039  	0.07020020813629975 	0.031692416109344805
33291     	0.4503105590062112  	38756.612431000016  	71448.790783        	0.5424390252972829  	0.12846494849783896 	0.06964710652656539 	0.031473847722383805
33375     	0.44785276073619634 	39028.42749000002   	71767.52870200001   	0.5438173529989807  	0.12759481492503447 	0.06901068101177225 	0.03317276051459087 
33395     	0.44954128440366975 	39272.36218100002   	72294.68744100002   	0.5432261148241404  	0.12794979959274044 	0.06904906665892303 	0.03294709547707665 
33416     	0.45121951219512196 	39582.552014000015  	72954.21728900002   	0.542567016478268   	0.1283479045054138  	0.06912709984201039 	0.03309784694344776 
33458     	0.45151515151515154 	39678.23296900002   	73080.52573100002   	0.5429385266746777  	0.1283796729332066  	0.06899801095156122 	0.03287571374248502 
33500     	0.45180722891566266 	39731.703409000016  	73143.54995900001   	0.5432017372860803  	0.12841016557124676 	0.06886340057140192 	0.03265654231753512 
33541     	0.45209580838323354 	39867.400941000014  	73313.240407        	0.5437953733824245  	0.12840424969575726 	0.06869411422797703 	0.03244027382536601 
33583     	0.4523809523809524  	40247.34752400001   	73970.103012        	0.5441028994845495  	0.12847198799415313 	0.06855867352714305 	0.03222685097125176 
33604     	0.4540059347181009  	40859.08622400001   	75190.67828200001   	0.5434062726600156  	0.12899878794575909 	0.06869330090394372 	0.03201621795836777 
33625     	0.4556213017751479  	41016.03880500001   	75384.672523        	0.5440898982811916  	0.12958099787925975 	0.0688315232892164  	0.031808320439157586
33645     	0.45722713864306785 	41322.69706600001   	76014.391692        	0.5436167565930669  	0.1301679483961772  	0.06896881554356638 	0.031603105468582374
33666     	0.4588235294117647  	41704.06254900001   	76775.487106        	0.5431950238416766  	0.1307421035539813  	0.06914291744038202 	0.031400521459168385
33687     	0.4604105571847507  	42406.42115900001   	78383.811891        	0.541009937332087   	0.13139594122268747 	0.0694085846233312  	0.03204530670049741 
33708     	0.4619883040935672  	43094.639872000014  	79729.559204        	0.5405101985041199  	0.13212602531195142 	0.06973946700365327 	0.03184248830365882 
33750     	0.4622093023255814  	43564.74526300001   	80860.812298        	0.5387621522085245  	0.13253913856786384 	0.06993905116986276 	0.03168992493724259 
33770     	0.463768115942029   	43782.561683000014  	81295.76266200001   	0.5385589635837841  	0.13336209693768442 	0.07036313347886297 	0.031491862906384824
33812     	0.46397694524495675 	44020.588633000014  	81724.989893        	0.5386429376208526  	0.13376921926706356 	0.07059499856682395 	0.03129626127342591 
33854     	0.46418338108882523 	44433.20799800001   	82478.824531        	0.5387226145699932  	0.13423136335483324 	0.0708518153200565  	0.031103074475441805
33875     	0.4657142857142857  	44611.34406500001   	82674.70045         	0.5396009156631908  	0.1351311086445721  	0.07131146596399214 	0.03207532752423401 
33895     	0.4672364672364672  	44739.56872100001   	82820.048594        	0.5402021549193008  	0.13599592694294024 	0.07173976167979981 	0.03187974625884234 
33937     	0.46742209631728043 	44952.69024600001   	83087.71877         	0.5410268919578379  	0.13642175997906444 	0.07195817790238435 	0.031686535675455416
33958     	0.4689265536723164  	45087.522137000014  	83248.28452900001   	0.5416030179131621  	0.13727222888241603 	0.07238038963326338 	0.03232353826486376 
34000     	0.4691011235955056  	45637.941051000016  	84436.93596500001   	0.5404973608933111  	0.13782427240871178 	0.07266157522991172 	0.032129984143517275
34065     	0.4692737430167598  	45848.305450000014  	84704.65733000002   	0.5412725450429492  	0.1383412958566916  	0.07293675247554503 	0.0319387342379011  
34130     	0.46814404432132967 	46610.165018000014  	86194.53738500002   	0.5407554403338712  	0.13848401138070865 	0.07301616970348786 	0.03174974764477742 
34173     	0.46831955922865015 	46761.507760000015  	86509.61388900001   	0.5405353885869776  	0.13889068574674535 	0.07330199011394979 	0.031562984423337555
34217     	0.4684931506849315  	47337.84480900002   	87622.80280600002   	0.5402457270604283  	0.13935934225548946 	0.07360262204989722 	0.03137840556706073 
34239     	0.46994535519125685 	48031.52316400001   	89202.42863300002   	0.5384553301974895  	0.14027501904165723 	0.07419263127239888 	0.031195972976554562
34304     	0.46883468834688347 	48404.78641600001   	89881.66706400002   	0.5385390369043055  	0.14043435627355308 	0.07436314326351594 	0.031015649433337483
34347     	0.46900269541778977 	48551.89067600001   	90080.72687400003   	0.5389820038187717  	0.1409414255118776  	0.07473226471012419 	0.0308373985745252  
34391     	0.4691689008042895  	48760.11511300001   	90519.61992600003   	0.538669021730996   	0.14130233565744402 	0.0749742520614285  	0.030661184868385056
34630     	0.4583333333333333  	48970.41933700001   	90895.81705200003   	0.5387532773811233  	0.13793555771639854 	0.07323288463288398 	0.030486973590723776
34652     	0.4597402597402597  	49334.50988600001   	91542.29777500003   	0.5389258417705256  	0.1383070788186854  	0.0734762149282563  	0.03031473080207562 
34673     	0.46113989637305697 	49844.97788600001   	92540.10114900002   	0.5386311152366687  	0.13873423538587956 	0.07376725749672002 	0.030144423325659465
34804     	0.45663265306122447 	49983.88423100001   	92812.99494100003   	0.5385440289129135  	0.13739793873073092 	0.0731263850863797  	0.029976018726074773
34934     	0.45226130653266333 	50281.823781000014  	93480.32975500003   	0.5378866753335406  	0.135982409554055   	0.07244734959030912 	0.029809485288707693
35117     	0.44801980198019803 	51002.78487400001   	95135.77756400003   	0.5361051980648317  	0.13461852191081697 	0.07187022783460817 	0.029644791999819804
35147     	0.44938271604938274 	51483.09743900001   	96219.97581200003   	0.5350562292760348  	0.13499001079505527 	0.07224485947081305 	0.02948190852729332 
35205     	0.44963144963144963 	51909.88872500001   	97053.60984200003   	0.5348578874037507  	0.1350959087314306  	0.07247851957456664 	0.029320805202007565
35235     	0.45098039215686275 	52004.62786800001   	97201.69758600004   	0.5350176916610789  	0.13548195961228798 	0.07284286005802247 	0.029161452999822743
35264     	0.45232273838630804 	52042.53154100001   	97254.74531900004   	0.5351156015091924  	0.1358775749030599  	0.07320702168847568 	0.029003823524148025
35323     	0.45255474452554745 	52652.47899900001   	98543.07007800003   	0.5343093020881516  	0.13600239126982655 	0.07345509898305602 	0.02884788898907196 
35352     	0.4538834951456311  	52835.278157000015  	98896.19895400004   	0.5342498368574862  	0.1364897260056966  	0.07389531299220986 	0.028693622203034144
35382     	0.4552058111380145  	53436.14309100001   	100205.86500700003  	0.5332636277054956  	0.13703695799105303 	0.07440161773515083 	0.028540996553018002
35411     	0.45652173913043476 	53929.16156800001   	101251.30749200004  	0.5326268164217139  	0.137635033337432   	0.07495590503043359 	0.02838998598924542 
35470     	0.4567307692307692  	54111.58153400001   	101609.61527000004  	0.5325439072888244  	0.13792843291446655 	0.07533935085367618 	0.028240565010354657
35500     	0.4580335731414868  	54230.78886600001   	101758.35014400004  	0.5329369903232223  	0.138492332766198   	0.07582706942507782 	0.0280927086490439  
35558     	0.45823389021479716 	54435.15811900001   	102008.78551500004  	0.5336320577112988  	0.13877938305763352 	0.07613492062385294 	0.027946392458163462
35588     	0.4595238095238095  	54866.229659000004  	102771.58576000005  	0.5338657494993583  	0.13941147518102398 	0.07663391113547255 	0.027801592497240336
35647     	0.4597156398104265  	54982.604033        	102974.65709200005  	0.5339430650774317  	0.13967348138224325 	0.07689280865775981 	0.02765828531941951 
35735     	0.4588235294117647  	55139.736158        	103260.76664800005  	0.533985345527821   	0.1396241252336061  	0.07697875428241945 	0.0275164479588071  
35794     	0.45901639344262296 	55240.318839        	103451.07152100005  	0.5339753182526147  	0.13989258297111157 	0.07724836517145282 	0.02737605791820094 
35823     	0.4602803738317757  	55597.911283        	104085.91854100005  	0.5341540148977948  	0.14052573537602542 	0.07772219461279102 	0.027237093157194844
35852     	0.46153846153846156 	55768.393159        	104474.56902100005  	0.533798738598196   	0.14116367758580572 	0.07820948559452028 	0.027099532080643356
35911     	0.4617169373549884  	55995.013772        	104908.07587200004  	0.5337531291711076  	0.14142043837710602 	0.07847255439851013 	0.026963353527474296
35970     	0.4618937644341801  	56358.794758        	105622.71884900004  	0.533585911934074   	0.14172152520706402 	0.07876303946092404 	0.026828536759836923
36000     	0.4631336405529954  	56688.949639        	106267.19173600004  	0.5334567396853072  	0.14239278166457367 	0.07926382537751883 	0.026695061452574054
36085     	0.463302752293578   	57079.331646        	107083.86448700004  	0.5330339161688493  	0.14277208110641956 	0.07961786457638954 	0.026894616141896224
36114     	0.4645308924485126  	57123.134984        	107202.41581100004  	0.5328530570123458  	0.1433315996823849  	0.08005113957736917 	0.026762130348093778
36171     	0.4646924829157175  	57299.789505999994  	107602.34220100004  	0.5325143331821216  	0.14354093906274604 	0.08030240977608662 	0.02663094343462273 
36228     	0.46485260770975056 	57344.027217999996  	107732.35755900004  	0.5322823014115821  	0.1437199124766357  	0.08054663461146931 	0.026501036393478228
36314     	0.46396396396396394 	57484.71741899999   	108041.15216200004  	0.5320631654576002  	0.14350329004387363 	0.08057433255979925 	0.026372390585742898
36542     	0.4579646017699115  	57762.18990799999   	108616.72061600004  	0.5317983233190269  	0.14161973561548152 	0.0796904738030144  	0.026244987732671678
36600     	0.4581497797356828  	57982.502050999996  	108900.32671100003  	0.5324364379996225  	0.14159451321954877 	0.07978314888439726 	0.02727514146609977 
36742     	0.4553376906318083  	58343.877077        	109593.56779300002  	0.532365888363081   	0.1406041243483194  	0.07928746032304886 	0.02714463839688398 
36771     	0.45652173913043476 	58523.611617999995  	109928.68588200002  	0.5323779789455555  	0.140846962262211   	0.07946440827935872 	0.027015378214041676
36800     	0.45770065075921906 	58673.927219        	110114.90777600002  	0.5328427222439014  	0.14111879426165305 	0.07964348971809415 	0.026887343246202615
36828     	0.4588744588744589  	59402.357751999996  	111526.31859300002  	0.5326308489458954  	0.1414752681503447  	0.07987940858871921 	0.02676051615541864 
36914     	0.45806451612903226 	59768.800841        	112300.49247200001  	0.5322220724535309  	0.14117384230821833 	0.07970676005741899 	0.02668101577338667 
36942     	0.4592274678111588  	60138.202382999996  	112982.115625       	0.5322807246998743  	0.1415312984960718  	0.07990351169110814 	0.0265563381295858  
37000     	0.4594017094017094  	60457.838388        	113605.667168       	0.5321727330608866  	0.14161843181573358 	0.07995416298619593 	0.026432820277820283
37062     	0.4605543710021322  	60508.59626         	113678.486052       	0.5322783436113103  	0.1419733222506674  	0.08014912992095076 	0.02631044610986741 
37125     	0.4607218683651805  	60842.099678        	114083.603456       	0.5333115174738121  	0.1421083267826475  	0.08017911247337378 	0.026629533041825755
37156     	0.461864406779661   	60962.877634        	114219.03034099999  	0.533736606343057   	0.14257477558488846 	0.0803800393669828  	0.026507379220532975
37250     	0.4610526315789474  	61091.560327        	114382.11549999999  	0.5341006333022404  	0.1424194145611321  	0.08019712310324838 	0.02735577994523846 
37281     	0.46218487394957986 	61765.409579        	115848.97011399998  	0.5331545849585058  	0.14292215795911672 	0.08041736598026032 	0.027231435490941924
37375     	0.4613778705636743  	62002.487521        	116334.27875599999  	0.5329683407505735  	0.14276641246626903 	0.08026640582861728 	0.02710821632582454 
37625     	0.45585215605749485 	62124.162696        	116495.80445799998  	0.5332738203322808  	0.14089320587569165 	0.079168165969306   	0.02799867647917835 
37781     	0.4532520325203252  	62497.009698        	117216.79186199998  	0.5331745452612122  	0.1398931296647989  	0.07856611476327642 	0.027873121876132705
37812     	0.4543610547667343  	62842.276179        	117887.08564999998  	0.5330717595782725  	0.14007585880600246 	0.07863617683308942 	0.027748688296328542
37843     	0.45546558704453444 	62931.277846        	118000.92441999998  	0.5333117359488565  	0.1402752921655911  	0.07870788125993265 	0.027625360792789305
37875     	0.45656565656565656 	63004.286082        	118170.03440999998  	0.5331663513222126  	0.14041098739400454 	0.07875995372018943 	0.0275031246830867  
37968     	0.45582329317269077 	63146.060276        	118356.22870799998  	0.533525450796421   	0.1399784336203814  	0.07848222587557971 	0.027381965543513628
38000     	0.45691382765531063 	63309.513160999995  	118555.81176999999  	0.5340059860061638  	0.14013989721088274 	0.07852457520019175 	0.028251013789012434
38048     	0.458               	63829.53528999999   	119555.84019999999  	0.5338888939530032  	0.14028881390375303 	0.07859808213037084 	0.028127646916571332
38073     	0.4590818363273453  	64472.61054899999   	120819.86616699999  	0.5336259060234719  	0.14049962893708137 	0.07872135104390737 	0.02814305437216071 
38243     	0.4547244094488189  	64617.12626699999   	121077.08246499998  	0.533685854923693   	0.13906003122407845 	0.07791707526350787 	0.02802122296795222 
38317     	0.45401174168297453 	64678.95088499999   	121154.23218899999  	0.5338563062667192  	0.1386878138356742  	0.07771271630661697 	0.02790044183446967 
38365     	0.45419103313840153 	65154.62417299999   	122061.145291       	0.533786767424376   	0.13863617615792395 	0.07769593290335167 	0.027780697448914003
38390     	0.45525291828793774 	65451.09345399999   	122429.006054       	0.5346044664050555  	0.13891319319751924 	0.07783562142225595 	0.02766197651964514 
38414     	0.4563106796116505  	65591.45446499999   	122600.995921       	0.5349993609127363  	0.13922818455386937 	0.07797683835755236 	0.027544265981263673
38439     	0.4573643410852713  	65946.994627        	123231.195501       	0.5351485422087368  	0.1395763127242236  	0.07814441260487864 	0.02742755298981764 
38512     	0.45664739884393063 	66561.739919        	124549.99481599999  	0.5344178457601133  	0.1394296025025208  	0.07806126345676284 	0.027311824918130646
38536     	0.4576923076923077  	67297.721873        	126080.85548399999  	0.5337663804283139  	0.13990001621295253 	0.07833447261515392 	0.027197069351247743
38682     	0.4543726235741445  	68035.734384        	127514.38536699998  	0.533553404097788   	0.13907585321373497 	0.07791255694865884 	0.02708327408199566 
38731     	0.45454545454545453 	68077.180609        	127578.86660399998  	0.5336086016527253  	0.13932487120976036 	0.07808892326697868 	0.026970427106654014
38756     	0.4555765595463138  	68332.177845        	127876.70202599998  	0.534359869799478   	0.13989867439976256 	0.07841559607477278 	0.026858516620734286
38780     	0.45660377358490567 	68385.558775        	127946.58331799999  	0.5344852281442616  	0.14044163322909684 	0.07873741543458553 	0.026747531014863483
38829     	0.4567669172932331  	69067.863795        	129389.803414       	0.5337968060281236  	0.14076380779241207 	0.07896400845344355 	0.026637458870769393
38878     	0.45692883895131087 	69163.238878        	129529.528844       	0.533957310701696   	0.14108330548089476 	0.07919017386699291 	0.0265282889573646  
38951     	0.45623836126629425 	69597.86935000001   	130464.561707       	0.5334618722462299  	0.14106496273497834 	0.07924590155490194 	0.026420010226926378
38975     	0.45724907063197023 	69698.158183        	130643.874324       	0.5334973303849431  	0.14157348892107358 	0.0795998543962989  	0.026312611811369766
39000     	0.4582560296846011  	69754.45986         	130714.252681       	0.5336408113829134  	0.1420904470042507  	0.0799535901845559  	0.026206083018611187
39048     	0.45925925925925926 	70447.118821        	132280.538316       	0.5325584527990923  	0.1426200833153423  	0.08033237000982422 	0.026132048997702807
39146     	0.4577205882352941  	70568.08301         	132484.670811       	0.5326509291831282  	0.14233576718499186 	0.08026876075819256 	0.026027101009760224
39219     	0.4570383912248629  	70667.47705100001   	132655.3172         	0.5327149981063859  	0.14226973610157004 	0.08032254950411785 	0.025922992605721184
39341     	0.45471014492753625 	71099.235975        	133664.81025799998  	0.5319218711174929  	0.14153311212035974 	0.07994884856429094 	0.02581971375071831 
39365     	0.45569620253164556 	71450.75678         	134394.68178599997  	0.5316486919755711  	0.14186277352825713 	0.08018180421179762 	0.02571725456916784 
39390     	0.4566787003610108  	71565.604819        	134531.38265499996  	0.5319621593611876  	0.14221941025053442 	0.08041522136673578 	0.025615605341621724
39414     	0.45765765765765765 	71751.150045        	134960.69547499996  	0.5316447858576065  	0.14258690097523927 	0.08066494348060115 	0.025514756501694078
39439     	0.45863309352517984 	72196.216425        	135789.06857299997  	0.5316791490191822  	0.14299169213721596 	0.08094346684966029 	0.025671376313493862
39487     	0.45878136200716846 	72405.80402000001   	136040.14104099997  	0.5322385250848737  	0.1431878702533537  	0.08107821239659553 	0.025571097499769276
39560     	0.45811051693404636 	72683.46853400001   	136377.60714899996  	0.5329574997938582  	0.14318252835726897 	0.08107183296691205 	0.025471599065918032
39585     	0.45907473309608543 	72951.77655700002   	136731.81672199996  	0.5335391447721631  	0.14371920585833572 	0.08135591298697878 	0.02537287193775556 
39634     	0.4592198581560284  	73186.38746100002   	137056.35740299997  	0.533987542407851   	0.14396799049351036 	0.08144996556496693 	0.02527490718123913 
39707     	0.4585537918871252  	73644.87537800003   	138011.14173299997  	0.5336154346181365  	0.14394587970659525 	0.08143204952582907 	0.025177695999772823
39829     	0.4562937062937063  	74144.66774800002   	138983.82898699996  	0.5334769396440736  	0.1433376647119201  	0.08107435694867077 	0.02508122973157446 
39853     	0.4572425828970332  	74242.69308500002   	139164.95406999995  	0.5334869944889714  	0.14374855397542918 	0.08129250977520079 	0.024985499847102802
39878     	0.45818815331010454 	74417.72589400002   	139489.20640499995  	0.5335016795344858  	0.1441358939168886  	0.08151604577068237 	0.024890497946543477
39902     	0.4591304347826087  	74781.57096400001   	140132.16533499994  	0.5336502921026532  	0.14455806013613956 	0.08176116600230698 	0.024796215757352025
39926     	0.4600694444444444  	75029.43754400001   	140433.17487199995  	0.5342714612297756  	0.14501454989073612 	0.08200848997308552 	0.02554314995365552 
39951     	0.4610051993067591  	75201.80995500002   	140799.28128599995  	0.5341064902330402  	0.14546848140742094 	0.08226076063063606 	0.0254471230741305  
40036     	0.4603448275862069  	75495.09306400002   	141165.76173499995  	0.5347974759327363  	0.1454402571276001  	0.08223189340445473 	0.02535181549707383 
40054     	0.4612736660929432  	75729.87751300001   	141442.32593399993  	0.5354117094223777  	0.14594307560783384 	0.08247277192115393 	0.02525721917059221 
40163     	0.45826235093696766 	76167.56837900002   	142343.32700599995  	0.5350975699464258  	0.14523450615457187 	0.0820431035843253  	0.025808082461573074
40181     	0.45918367346938777 	76427.38735600002   	142793.89540999994  	0.5352286744230648  	0.1457822887085934  	0.08232997198059243 	0.025712496970974653
40200     	0.4601018675721562  	76599.62058100002   	143083.21915799993  	0.5353501342209441  	0.14635469659967765 	0.08262415902073353 	0.02561761690835113 
40236     	0.4602368866328257  	76707.14658600003   	143280.03732499992  	0.5353652052170141  	0.1466793136576412  	0.08276951447341356 	0.0255234344932469  
40290     	0.4595959595959596  	76919.28845900003   	143690.43172799994  	0.5353125294007403  	0.14678357059840202 	0.08278588685871853 	0.025429942059205703
40345     	0.45896147403685095 	77577.78975100003   	145093.87641399994  	0.5346730797214723  	0.14687614827224732 	0.08282479742672802 	0.02580185404470844 
40363     	0.459866220735786   	77743.30513800004   	145301.79362299995  	0.5350471126303701  	0.14744062953105186 	0.0831375922680106  	0.0257080291209095  
40454     	0.4577114427860697  	78067.80862000004   	145684.74505099995  	0.5358681074855902  	0.14693885524443168 	0.08288509077198483 	0.02561488408786273 
40527     	0.45634266886326197 	78272.39420600004   	145922.26213699995  	0.5363978947401018  	0.14666930379208984 	0.08277038185466286 	0.02659796586268736 
40600     	0.45499181669394434 	78591.39060800005   	146491.56560499995  	0.5364908913589876  	0.14634478859108366 	0.08259048169498057 	0.026502289726490644
40636     	0.4551386623164764  	78956.32719700005   	147134.03670999996  	0.5366285664589109  	0.14650353437994396 	0.08269601773714697 	0.026407299440732612
40654     	0.4560260586319218  	79131.18163100004   	147480.32820199995  	0.5365541465477086  	0.14691900695288918 	0.0829472887569454  	0.026312987657015712
40690     	0.45616883116883117 	79348.55721900004   	147964.75769399994  	0.5362665979090618  	0.14710919721363802 	0.08307883809728975 	0.026219347131545903
40727     	0.4563106796116505  	79456.31589600004   	148155.22281099996  	0.5363045216256845  	0.1472306095305581  	0.08317861276124316 	0.02612637072327801 
40763     	0.45645161290322583 	79790.25539300004   	148539.51840399994  	0.5371651682347949  	0.1474116057792159  	0.08328103150708108 	0.02603405139210035 
40781     	0.4573268921095008  	80185.78264400005   	149484.82503699994  	0.5364141987265447  	0.14786033152838093 	0.08354936019526835 	0.0259530892692783  
40800     	0.45819935691318325 	80465.59644100005   	149847.56237999993  	0.5369830190293422  	0.14835588931583218 	0.08382257799793426 	0.025862025798158026
40890     	0.45614035087719296 	80634.38583500005   	150068.76534199994  	0.5373162473299352  	0.14783395044237618 	0.08352503493554646 	0.025771599134528103
40909     	0.4570063694267516  	81342.25715000005   	151544.65938399994  	0.536754363239462   	0.14826942025599968 	0.08375964717310543 	0.02568180262186424 
40927     	0.4578696343402226  	81747.65299000005   	152176.47064599994  	0.5371898339012295  	0.1486908911990704  	0.08400728651240458 	0.02559262969609388 
40963     	0.45800316957210774 	81888.52913400004   	152473.05735599995  	0.5370688471393577  	0.1488066693118031  	0.08405105184153841 	0.02550407388399667 
41000     	0.45813586097946285 	82393.33933100004   	153590.32876399995  	0.5364487464415938  	0.14896209710283562 	0.0841310916978992  	0.02541612880163806 
41055     	0.4589905362776025  	82983.20854500004   	154745.88351699995  	0.536254707776338   	0.14939685552784598 	0.08437390475029172 	0.02532878815283518 
41138     	0.45839874411302983 	83316.65281700004   	155543.99294299996  	0.5356468690342283  	0.14933280746568803 	0.08435743696042011 	0.025242045727654237
41194     	0.458528951486698   	83635.79964900004   	156315.84294499995  	0.5350436531147228  	0.1494517946817791  	0.08447961736647806 	0.025155895400938693
41250     	0.45865834633385333 	83674.41147400004   	156359.07228199995  	0.5351426703471982  	0.14955620696278593 	0.084583296776219   	0.025070331130867474
41416     	0.4559505409582689  	83943.64618900004   	156718.41177599996  	0.5356335942772441  	0.14856400288370133 	0.08403853669853592 	0.0249853469575425  
41500     	0.4553846153846154  	84221.14669900003   	157087.37983099997  	0.5361420299301449  	0.14826018786943884 	0.0838383943315235  	0.024900937001604857
41638     	0.4534351145038168  	84357.28822500004   	157371.59999899997  	0.5360388292775576  	0.1474515864701367  	0.083345824925919   	0.024817095462878913
41777     	0.45151515151515154 	84438.73619000004   	157496.32590699996  	0.5361314665832921  	0.1465485640405461  	0.08280187445640332 	0.025300110114139258
41861     	0.45098039215686275 	84554.78945600004   	157767.63268299997  	0.5359450986115425  	0.14603602769420693 	0.08251057084177865 	0.02521549436124916 
41944     	0.45045045045045046 	85042.79525600004   	158791.33137399997  	0.5355632106622963  	0.14556172499673198 	0.08225286866917046 	0.02513144271337833 
41972     	0.4512743628185907  	85107.64058000004   	158865.84855599998  	0.5357201774552554  	0.14553521860403637 	0.0822438672549893  	0.025047949548217603
42000     	0.45209580838323354 	85227.64363200004   	159078.41063799997  	0.5357587072324019  	0.1455196788298738  	0.08223940658950939 	0.024965009317925495
42051     	0.45223880597014926 	85535.64738600004   	159718.74237399996  	0.535539199186207   	0.14530478895182367 	0.08213223994573876 	0.024882616547899337
42137     	0.45037037037037037 	85702.10195200004   	159924.04528999995  	0.5358925344627897  	0.14446029482173206 	0.08166092944687124 	0.02505572386188651 
42172     	0.4505169867060561  	86007.90005100005   	160597.47561199995  	0.5355495142326725  	0.14428480615710912 	0.08157699342587954 	0.024973573947585242
42206     	0.45066273932253315 	86231.11251500004   	160886.00978099994  	0.5359764508572182  	0.1441551687552871  	0.08149782604960107 	0.02489196096082843 
42224     	0.4514705882352941  	86344.19605900004   	161016.18756299996  	0.5362454382123325  	0.14425805443674722 	0.0815396517091158  	0.0248108796547671  
42241     	0.4522760646108664  	86466.37743800004   	161327.24757099996  	0.5359688381216959  	0.14436324904467074 	0.08158113478416934 	0.024730324850693177
42293     	0.4517543859649123  	86522.53854100005   	161414.39416399997  	0.5360274031886622  	0.14405149900919856 	0.08138566237183785 	0.02465029143693689 
42310     	0.45255474452554745 	86960.73998200004   	162267.59524999995  	0.5359094639199078  	0.14419796556080963 	0.08145363857406947 	0.02457077436778548 
42327     	0.45335276967930027 	87193.81691100005   	162710.03069299995  	0.5358847056916649  	0.1443330333234533  	0.08151742055690255 	0.024491768662422825
42362     	0.45348837209302323 	87430.89923400004   	163189.06183999995  	0.5357644577902064  	0.14425752824223473 	0.08145539041862997 	0.02441326940388942 
42379     	0.45428156748911463 	88063.41530700005   	164505.20729899994  	0.5353229648648052  	0.14443254422382804 	0.08154960079103307 	0.024335271738062297
42396     	0.45507246376811594 	88527.28104100005   	165409.89962599994  	0.5351994121341266  	0.14464477956098923 	0.08166924730004474 	0.024257770872654457
42431     	0.4552023121387283  	88872.66741000005   	166134.86359199995  	0.5349429101663862  	0.1446619860827697  	0.0816866477661256  	0.02425801356001525 
42500     	0.4540229885057471  	89257.52933100006   	166810.37751099994  	0.5350837919248409  	0.14429703264701657 	0.08148685961603183 	0.024181247694318998
42551     	0.45350500715307585 	89919.06266700005   	168171.99703999993  	0.5346851095882074  	0.144196590047795   	0.08144447912986055 	0.024104966155851115
42568     	0.4542857142857143  	90131.89933900005   	168621.10344399992  	0.5345232447072285  	0.14449093818089667 	0.08161753459134889 	0.024029164375486804
42586     	0.4550641940085592  	90187.78692800006   	168720.70948299993  	0.5345389265156407  	0.14479109111346763 	0.08179238952389167 	0.02455967375102576 
42620     	0.45519203413940257 	90534.33010500006   	169356.03625599993  	0.5345798833420241  	0.14490756645469666 	0.08186676396716841 	0.024482924770553804
42637     	0.4559659090909091  	90701.16977200005   	169848.86832299994  	0.5340110338534285  	0.1451948073313241  	0.08206814315243434 	0.024406653976876067
42672     	0.45609065155807366 	91020.73691200005   	170247.21284499994  	0.5346386316166543  	0.14531977924782394 	0.08215717686508676 	0.02433085691483608 
42706     	0.4562146892655367  	91104.15295300006   	170331.99119999993  	0.5348622552414575  	0.14543574877748838 	0.08222604652063886 	0.024449802106573906
42724     	0.45698166431593795 	91131.22225500006   	170374.57250399992  	0.5348874595289772  	0.14574174755207817 	0.08241062381142555 	0.024374339754393123
42758     	0.4571026722925457  	91312.59977900005   	170609.05930299993  	0.5352154226278795  	0.1458666695797078  	0.08248131793569151 	0.025087544493610375
42810     	0.4565826330532213  	91524.60091300006   	171042.14905199994  	0.535099689873371   	0.14577202514514095 	0.08242882087866772 	0.025010588835654515
42827     	0.45734265734265733 	91681.03310800006   	171237.09914599993  	0.5354040308159571  	0.14606681949512695 	0.08260535378745647 	0.02569262193949992 
42862     	0.45746164574616455 	91835.70181300007   	171430.73348299993  	0.5357015043169434  	0.14618163621311214 	0.08266821557478757 	0.025614290775050227
42896     	0.4575799721835883  	92155.81518700006   	172100.36265999993  	0.5354771701966854  	0.14628504023855554 	0.08272475007238692 	0.02553643578789202 
42931     	0.4576976421636616  	92813.48058700006   	173469.55008599992  	0.5350419168147176  	0.14643932736324863 	0.0828193690094477  	0.02575656335621154 
42948     	0.4584487534626039  	93026.26015800006   	173710.02843799992  	0.5355261351028028  	0.14682810066964327 	0.08303042445153995 	0.025678748965407276
42982     	0.4585635359116022  	93169.18721200006   	173873.2844029999   	0.5358453285787967  	0.14703535190226946 	0.08312729656290435 	0.025601403335993398
43000     	0.4593103448275862  	93490.22620100006   	174560.9661319999   	0.5355734920159895  	0.14746779892860418 	0.08335507391879725 	0.025524522244894318
43078     	0.4594222833562586  	93624.30876400006   	174744.74760899993  	0.5357775271934875  	0.14769295200296784 	0.08345733026315594 	0.025448101519610203
43105     	0.46016483516483514 	94071.46692900006   	175683.66713399993  	0.5354593768654006  	0.1481313281534577  	0.0836989423703763  	0.025450386930852303
43131     	0.4609053497942387  	94374.68651200006   	176353.03883299994  	0.5351463583305164  	0.14853219558213296 	0.08392161639613951 	0.02537464173165334 
43157     	0.46164383561643835 	95032.96977700006   	177553.58572899995  	0.5352354298383413  	0.14897502613957536 	0.08417823776722518 	0.025299346058859116
43184     	0.46238030095759236 	95076.83377200007   	177602.66797599997  	0.5353344904979024  	0.14940091340964207 	0.08441450827673257 	0.0252244959225903  
43236     	0.46248294679399726 	95747.00913800007   	179122.83746799995  	0.5345326731724264  	0.14964242685486295 	0.08457510426033044 	0.025150087380045785
43342     	0.46132971506105835 	96260.67400800006   	180198.75090699995  	0.5341916829250383  	0.149442368519055   	0.0845012379405643  	0.025076116534810358
43394     	0.4614343707713126  	96751.53108300007   	181243.09698999996  	0.5338218817146912  	0.14966873505014602 	0.08466252939401034 	0.02500257953617455 
43421     	0.46216216216216216 	96794.36255500007   	181286.50885799996  	0.5339303137599621  	0.15010501431870216 	0.08493761285672283 	0.024929472578466436
43473     	0.46226415094339623 	97189.81919000007   	181922.86986699994  	0.5342364006298578  	0.1503236944883565  	0.08508642669538345 	0.024856791900395105
43526     	0.46236559139784944 	97941.31244100007   	183574.22401699994  	0.5335243167468336  	0.15059861109795616 	0.08527795412961184 	0.02516643630378543 
43552     	0.46308724832214765 	98550.27362500007   	184902.97714399995  	0.5329837039251696  	0.15108621497429042 	0.08560429470782115 	0.025093490111600548
43578     	0.46380697050938335 	98630.96583200007   	185003.61790599994  	0.5331299298271794  	0.15154448298366852 	0.08589611252021978 	0.02502096557370575 
43631     	0.46390374331550804 	98783.16035400008   	185317.61893999993  	0.5330478608511746  	0.15177113662855832 	0.0860606701134736  	0.024948859044674896
43657     	0.46461949265687585 	99012.66646700008   	185594.80540099993  	0.533488349811684   	0.15223338683883503 	0.08634204526871676 	0.0248771669209833  
43684     	0.4653333333333333  	99663.72739600007   	187028.23904599994  	0.5328806382628005  	0.15265192728847127 	0.0865878021394322  	0.02539615956590885 
43763     	0.4648074369189907  	99757.44645200008   	187155.08282599994  	0.5330202361896077  	0.15264892967424173 	0.08660137910767575 	0.025323599110006253
43789     	0.46551724137931033 	99902.82855500007   	187428.34704799994  	0.533018778260981   	0.1530580917896405  	0.08685136847005048 	0.025251452103994838
43868     	0.46499339498018494 	100069.33739500007  	187747.42987799994  	0.5329997724071434  	0.1529865932221289  	0.0868091537236966  	0.025179715024153945
43894     	0.4656992084432718  	100137.94860800006  	187827.84616499994  	0.5331368625716578  	0.15333023805897153 	0.08699679952037778 	0.02564208203323784 
43921     	0.466403162055336   	100312.70535000006  	188193.32772299994  	0.5330300843484177  	0.15366396574265273 	0.08719241663892961 	0.02556964677325694 
43973     	0.4664914586070959  	100447.88738200006  	188361.84299999994  	0.5332708885312833  	0.15381334365169252 	0.08727435004709287 	0.025497619599247765
44051     	0.46657929226736566 	100771.48614900006  	188967.83602799993  	0.5332732186977495  	0.15398739920847987 	0.08737185934749798 	0.025425997072283588
44076     	0.46727748691099474 	100836.26811800007  	189039.22261499992  	0.5334145301864931  	0.15433943485948268 	0.08756855647201565 	0.025354775791969066
44128     	0.46736292428198434 	101492.99548100006  	190465.7480159999   	0.5328674396221321  	0.15449506337990684 	0.08768883195204688 	0.025591698023786497
44153     	0.4680573663624511  	101822.80652600006  	191210.7093989999   	0.5325162322029052  	0.1548692169676475  	0.08794178308990877 	0.025520411956867873
44205     	0.4681404421326398  	101995.96982800006  	191424.8000749999   	0.5328252650024355  	0.15504450261737002 	0.088057768690062   	0.026263292115962043
44230     	0.4688311688311688  	102202.76583600006  	191794.78376099988  	0.5328756279595038  	0.15543850437844436 	0.08829617444525124 	0.026190540614255776
44256     	0.4695201037613489  	102557.98938500007  	192420.1484569999   	0.5329898672639196  	0.15585079962049556 	0.08854846575765929 	0.026118191054547886
44282     	0.47020725388601037 	102702.27253400006  	192720.5255259999   	0.5329078065436498  	0.1562511303449489  	0.08879169037092288 	0.02604624011500368 
44358     	0.4696774193548387  	102880.70475000006  	193019.9269109999   	0.5330056144795745  	0.15609472167966096 	0.08870131963782518 	0.02597468451029213 
44487     	0.46794871794871795 	103582.69296300007  	194341.4353009999   	0.532993351636871   	0.15554909556963656 	0.08839957509411767 	0.025903520991085848
44512     	0.4686299615877081  	104279.58418200006  	195712.9159709999   	0.5328191226656287  	0.15584820317395937 	0.08858559579462673 	0.025832746343569222
44538     	0.46930946291560105 	104740.85110300007  	196657.5523309999   	0.5326052819304279  	0.15615264459221537 	0.08879386834725961 	0.02576235738895459 
44564     	0.46998722860791825 	104914.31261400007  	197011.4661819999   	0.5325289672078266  	0.15644676421502085 	0.08900734043395359 	0.025692350983006346
44589     	0.47066326530612246 	105244.17693800006  	197701.48157299988  	0.53233883783081    	0.1567596169331905  	0.08923740527214097 	0.025622724015572723
44666     	0.4701397712833545  	105362.93453900007  	197839.98653799988  	0.5325664259422228  	0.15668139296540148 	0.08923022335804083 	0.02555347341012523 
44692     	0.47081218274111675 	106069.87554100007  	199366.12600899988  	0.5320355953358487  	0.15704721277523342 	0.08948805977564982 	0.025484596123305486
44743     	0.4708860759493671  	106387.78507700008  	200119.09472299987  	0.5316223582974905  	0.1572313597920395  	0.08965278669125616 	0.025416089144479393
44923     	0.46800501882057716 	106528.81932100008  	200303.36550399987  	0.5318373910141455  	0.15639410751472935 	0.08923842438970846 	0.025347949495298484
45000     	0.4675              	107137.88064500007  	201634.43393599987  	0.5313471442035855  	0.15633437349786394 	0.08930858030188758 	0.025280174229268274
45046     	0.4681647940074906  	107219.06182000008  	201728.16773899988  	0.5315026801746514  	0.1566293197430951  	0.08956734929761304 	0.02521276043132356 
45093     	0.46824408468244083 	107698.39304700008  	202679.26611799988  	0.5313735100278983  	0.15672090477803877 	0.08970450247369137 	0.025145705217410465
45116     	0.4689054726368159  	107778.95622600008  	202833.0071909999   	0.5313679352222435  	0.1570131553106998  	0.08995626434410448 	0.02507900573407516 
45139     	0.46956521739130436 	108083.48955000009  	203421.6957309999   	0.5313272468878009  	0.15727358359404248 	0.09018500114506581 	0.025012659158059086
45162     	0.47022332506203474 	108345.73966300009  	203770.0176839999   	0.5317059933273365  	0.15756778233612337 	0.09041725317692904 	0.02494666269590062 
45302     	0.46798029556650245 	108879.66988300008  	204794.3972599999   	0.5316535576154957  	0.15685288656595753 	0.09006149495895976 	0.024881013583542985
45465     	0.4652014652014652  	109048.44627100008  	205018.09234799992  	0.531896697613887   	0.1558844881734155  	0.08956642591059835 	0.024815709085948386
45581     	0.46359223300970875 	109522.39150600009  	206085.27808699993  	0.5314420929173052  	0.15520908822383112 	0.08921040806606259 	0.024750746496718153
45674     	0.46256038647342995 	109627.08063300009  	206373.86274199994  	0.5312062253254005  	0.15473012502423975 	0.08897409460422036 	0.02468612313771889 
45697     	0.4632086851628468  	110205.25435000009  	207615.27647999994  	0.5308147657458936  	0.15483744223021612 	0.0890922322387248  	0.024621836358714413
45790     	0.46218487394957986 	110372.25141800009  	207965.46491399995  	0.5307239423797714  	0.15438609593128239 	0.08888932802242497 	0.02455788353700347 
45813     	0.4628297362110312  	111031.35062600009  	209224.70684699996  	0.5306799196865126  	0.15450936141103624 	0.08900299950833458 	0.02484790416111601 
45837     	0.46347305389221555 	111120.08463000008  	209400.55607499997  	0.5306580207466152  	0.1546289559318278  	0.08912004986195017 	0.02478369769041545 
45860     	0.46411483253588515 	111619.17294100008  	210401.00804099996  	0.530506835400947   	0.15476986254279845 	0.08926133458192019 	0.024719822180904072
45883     	0.4647550776583035  	112027.88634500008  	211285.56412999996  	0.530220258096154   	0.15493085928494613 	0.0894249685773662  	0.024656275080181953
45930     	0.464839094159714   	112241.58812800008  	211656.18312899995  	0.5303014845523847  	0.15490697290574032 	0.08948547256103795 	0.02459305386202764 
46060     	0.4638196915776987  	112986.83101100007  	213084.70255399996  	0.5302437465325177  	0.15443405825767348 	0.08925991674644713 	0.024530156026063375
46151     	0.46335697399527187 	113073.90870600007  	213193.36140499995  	0.5303819404169693  	0.15415966980233353 	0.08914287126263903 	0.024467579097425456
46242     	0.4628975265017668  	113121.45138000007  	213247.96662899994  	0.5304690739527853  	0.15388255637517526 	0.08901854896656364 	0.024668704577730086
46272     	0.46352941176470586 	113150.12825800007  	213280.36525499995  	0.5305229486207825  	0.1539726419996408  	0.08910443342603427 	0.024606093652405896
46363     	0.4630715123094959  	113700.93636100007  	214363.01936999997  	0.5304130194431871  	0.1537361488074681  	0.08900600750241994 	0.024581196566401963
46424     	0.4631578947368421  	113960.94427900008  	214736.26164599997  	0.5307019103595487  	0.15366842089217564 	0.08899798303485566 	0.024519122837698925
46454     	0.463785046728972   	114165.49356200008  	215106.21719899998  	0.5307400922604799  	0.15378415298116777 	0.08909936116863643 	0.024457361822994395
46515     	0.46386946386946387 	114256.74615600008  	215197.94072499996  	0.5309379159069557  	0.1537028171121145  	0.08907031804637026 	0.024395911165147676
46545     	0.46449359720605354 	114353.26530300008  	215321.37708799995  	0.5310818036254009  	0.1538045204167724  	0.08914590424979679 	0.02483089217308799 
46575     	0.46511627906976744 	114454.18545900007  	215431.09203499995  	0.5312797905717588  	0.15390198636523567 	0.08921558495184453 	0.02476881494265527 
46696     	0.46412037037037035 	115002.09062400008  	216514.59083299994  	0.5311516890457625  	0.15349657875098877 	0.08900113957896535 	0.02470704732434441 
46727     	0.4647398843930636  	115127.61832700008  	216658.63341199994  	0.5313779400983869  	0.15359640088020052 	0.0890682670346368  	0.025262590524515446
46787     	0.46482122260668973 	115429.92879500007  	217279.33033699993  	0.5312513096205167  	0.15353003866922946 	0.08903800615004397 	0.025199904195670496
46818     	0.46543778801843316 	115684.10196200007  	217625.67800699992  	0.5315737693337782  	0.1536615245194631  	0.08911158685497221 	0.02578689884058404 
46909     	0.46498277841561425 	116199.53589300008  	218595.37533799993  	0.5315736241598352  	0.1534508306274302  	0.08899558283268218 	0.025723227485422103
46939     	0.46559633027522934 	116390.51155500008  	218979.2333199999   	0.5315139239021613  	0.15360409459488933 	0.08909287763600167 	0.02565986978225604 
46969     	0.4662084765177549  	116469.41179200007  	219067.4987769999   	0.5316599333183618  	0.1537326208660357  	0.0891659422141344  	0.02559682341915467 
47045     	0.4662857142857143  	116952.57178000007  	220040.09107599992  	0.5315057415587311  	0.1536699585232185  	0.08913261126219216 	0.025534086106852823
47068     	0.4668949771689498  	117437.64703400007  	220836.96887299992  	0.5317843639736639  	0.15380819495116116 	0.08921857403872488 	0.02547165557847421 
47113     	0.46697038724373574 	117537.35066700006  	220979.5705489999   	0.5318923843276154  	0.15377102766146672 	0.0891988365618183  	0.02540952958925842 
47159     	0.46704545454545454 	118199.28262500007  	222360.82661999992  	0.5315652240625769  	0.15376367595918775 	0.08921125872442141 	0.025469318640835   
47204     	0.4671201814058957  	118271.55692800006  	222458.7845289999   	0.5316560421671372  	0.1537638052965819  	0.089224697654023   	0.025407499906269868
47227     	0.46772366930917325 	118827.41318900006  	223730.9808009999   	0.5311173837596165  	0.15397098559786945 	0.08936986210895806 	0.02534598053603677 
47250     	0.4683257918552036  	118942.19562200006  	223869.69447299992  	0.5313010137526463  	0.15418195569649779 	0.08951570253208625 	0.02528475836082895 
47295     	0.4683972911963883  	119596.70785900006  	225025.7714379999   	0.5314800482395052  	0.15424458526283125 	0.08958394556027034 	0.025223831232248643
47340     	0.46846846846846846 	119634.05473400006  	225075.8827569999   	0.5315276486693216  	0.15431059226832625 	0.0896523675392815  	0.025163197022555737
47409     	0.468013468013468   	119983.84577800006  	225873.4152709999   	0.5311995023143607  	0.15420968164970283 	0.08962492338249671 	0.02510285362442011 
47431     	0.46860986547085204 	120549.98172600006  	227076.0255399999   	0.530879389135534   	0.15448813744073422 	0.08982312769733028 	0.02514377077417562 
47454     	0.46920492721164614 	120668.34297000006  	227268.33298599988  	0.5309509749316172  	0.15474105338535196 	0.09000828399205789 	0.02508376177471458 
47477     	0.4697986577181208  	120778.74678500005  	227381.75719299988  	0.5311716659946646  	0.15496789136767916 	0.09016446751549884 	0.025065414356569653
47500     	0.47039106145251397 	121305.52127900005  	228502.94252499987  	0.5308707185060794  	0.15522483704349951 	0.09034388863340403 	0.025005876555247636
47613     	0.4688888888888889  	121497.22341900005  	228743.1819009999   	0.5311512343637157  	0.15481303584599984 	0.09012286451449977 	0.025366570425152668
47659     	0.46895787139689576 	121945.48507100005  	229561.6767849999   	0.5312101165091693  	0.15492528062869748 	0.09019698393246743 	0.025306602173556562
47681     	0.4695459579180509  	122015.82398600005  	229652.1042399999   	0.5313072326935283  	0.15519302142095232 	0.09036712955552043 	0.02524691679107176 
47704     	0.47013274336283184 	122090.36979500005  	229754.0413759999   	0.5313959618024531  	0.1554454083570955  	0.09052684071202828 	0.02518751228097512 
47772     	0.4696802646085998  	122214.72705800005  	230034.3916429999   	0.5312889354721804  	0.1553370926966015  	0.09047570387364973 	0.02512838666529208 
47795     	0.47026431718061673 	122599.65119000005  	230824.5192529999   	0.5311379033161647  	0.15559181917442144 	0.09064090732974209 	0.02506953798457711 
47863     	0.4698133918770582  	122690.33297900004  	230937.01814699988  	0.5312718331753256  	0.1554759454976745  	0.0905837813420872  	0.02501096429769726 
48184     	0.4647887323943662  	123418.75314200005  	232519.00739099988  	0.530789953590595   	0.15373089246066624 	0.08957904028459002 	0.02495266368161871 
48236     	0.4648648648648649  	123729.53997000004  	233180.57451099987  	0.5306168416021435  	0.15369137196271693 	0.08957317997286543 	0.02489463423119634 
48263     	0.4654427645788337  	124365.24530600004  	234521.91452599986  	0.5302926404867486  	0.1538374353512678  	0.08969274091139094 	0.025077906283766393
48289     	0.46601941747572817 	124861.01723400004  	235515.97111499988  	0.5301594479681031  	0.15400303527669637 	0.08983389404892783 	0.025019855574776192
48342     	0.46609257265877285 	125108.43109700004  	235966.3453899999   	0.5301960789799225  	0.1539537276942025  	0.08985944117377051 	0.024986402449139095
48368     	0.4666666666666667  	125184.85606100004  	236132.6363419999   	0.53014635333885    	0.15407418125635128 	0.08998454456858611 	0.024928830093265502
48500     	0.46524064171123    	125270.33123400004  	236292.3294249999   	0.5301498002023013  	0.15351478667924154 	0.08971124571539181 	0.024871522437878685
48526     	0.4658119658119658  	125699.87168000004  	237125.2025909999   	0.5300991640977558  	0.15364278819539054 	0.08983920598291614 	0.024814477661645018
48605     	0.4653887113951012  	126385.93071400005  	238613.93137699988  	0.5296670231475951  	0.15338978043984547 	0.08972858523540965 	0.024757693959902124
48631     	0.46595744680851064 	126621.56752300005  	238894.9720069999   	0.5300302742214679  	0.15347859225817428 	0.08981056107139664 	0.024701169544468556
48684     	0.46602972399150744 	127003.37316200005  	239601.24168699989  	0.5300614148231725  	0.15342624180504172 	0.08981030444244334 	0.0246449026434561  
48736     	0.4661016949152542  	127682.60440400004  	241069.19784299989  	0.5296512600799185  	0.15340181763801108 	0.08984126836021487 	0.02458889150108461 
48789     	0.46617336152219874 	128027.03744300004  	241504.7191949999   	0.5301223010040903  	0.15341379986425718 	0.08987512146780322 	0.024533134377499384
48842     	0.46624472573839665 	128259.01991300004  	242014.5546749999   	0.5299640762731747  	0.15335885501382426 	0.08985224199832843 	0.024477629548591014
48868     	0.46680716543730244 	128448.60672000004  	242364.9218969999   	0.5299801873745906  	0.15347423470459232 	0.08993044196054349 	0.02442237530581767 
48921     	0.4668769716088328  	128546.71157500004  	242468.90022299992  	0.5301575231164696  	0.1534411832474966  	0.08991404850454403 	0.024367369956029793
48973     	0.4669464847848898  	129127.25926000004  	243628.05197899992  	0.5300180262949787  	0.15343416299961923 	0.08992087127270341 	0.024312611821297143
49054     	0.46701570680628274 	129197.01315100004  	243708.9497459999   	0.5301283079084813  	0.15340978130865807 	0.08991190151243579 	0.02425809923873818 
49081     	0.4675732217573222  	129288.48935300004  	243816.97281399992  	0.5302686185494971  	0.15353986588565863 	0.0899895232521999  	0.024859771036542216
49162     	0.46715328467153283 	129376.52701700004  	243912.12394799993  	0.5304226986460995  	0.15332998295493572 	0.08987734152562984 	0.024943605682236747
49189     	0.46770833333333334 	129577.36115500005  	244140.54834399992  	0.5307490379370429  	0.1534689130161629  	0.08995409833590398 	0.024989498734630196
49486     	0.46343975283213185 	129631.15567600005  	244214.25417899992  	0.5308091295153692  	0.1519055556488281  	0.08906014478621119 	0.024933966515219907
49513     	0.46399176954732513 	129938.24705600005  	244938.28819299993  	0.5304938154610388  	0.15193989491531626 	0.08910971037168992 	0.024878680558423412
49540     	0.4645426515930113  	130637.81037500004  	246297.61443299992  	0.530406316259865   	0.15200098503192855 	0.0891880274173264  	0.02482363922975433 
49621     	0.4641393442622951  	130998.08299200004  	247047.93711899992  	0.5302537010414294  	0.15177053074193803 	0.08909675971287445 	0.024840173426674925
49675     	0.46421267893660534 	131606.79769100004  	248481.29711399993  	0.5296446823948306  	0.15171923256501013 	0.08912921989482003 	0.024820127986259915
49756     	0.46381243628950053 	131990.93638100004  	249290.49216799994  	0.5294663877194711  	0.15150717767421046 	0.08908236212234384 	0.024765578254421983
49810     	0.46388606307222785 	132200.61538700003  	249702.71365699993  	0.5294320332000687  	0.1514638915362092  	0.08913402228392267 	0.024711267775793865
49837     	0.4644308943089431  	132479.37416700003  	250342.41247399992  	0.5291926879579747  	0.15158137451211115 	0.08929033319062538 	0.024657194979785562
49864     	0.4649746192893401  	132518.19294600002  	250389.73345899992  	0.5292477096218453  	0.1516472736247499  	0.08939974739234001 	0.02460335830952402 
49891     	0.46551724137931033 	132633.93581300002  	250590.60944799992  	0.5292853395630649  	0.15172208321006986 	0.08951210609806401 	0.024549756221703706
49945     	0.46558704453441296 	132858.93816800002  	250902.9061879999   	0.5295233131674039  	0.15161360096460333 	0.08947854188062877 	0.024496387186439133
49972     	0.4661274014155713  	132932.92204400004  	250988.0955119999   	0.5296383550495701  	0.15166757366215855 	0.08953600202792221 	0.02444324968711931 
50000     	0.4666666666666667  	133120.70631600003  	251229.59260399992  	0.5298766954012111  	0.15174071157220353 	0.08959547064417774 	0.024390342220264073
50206     	0.4653266331658292  	133257.23333400002  	251394.3983459999   	0.5300724049968488  	0.15118932923179892 	0.0892630095071325  	0.024858571462728907
50344     	0.4644644644644645  	133404.435388       	251668.0716539999   	0.5300808899247579  	0.1508023487071446  	0.08902784095864945 	0.02480499695526613 
50379     	0.465               	133498.908759       	251848.4360169999   	0.5300763859021493  	0.1508755331938623  	0.08906372977404965 	0.024751652875792438
