9 11 26235 1058 140 27 0.010000 20
34 60 5.293485 4.726810
68 1 22.725666 20.597257
84 62 27.172892 23.184961
43 75 55.749952 49.321913
39 61 40.767566 38.014302
35 58 29.198081 34.919825
36 66 29.343007 25.824738
66 28 26.594992 29.788945
48 43 26.462439 28.767949
0 5 6.518324 2.236068
0 4 0.899307 5.099020
1 4 3.035297 66.640828
1 2 7.134900 63.063460
2 8 1.961966 40.706265
2 4 0.058966 45.011110
3 8 0.876423 32.388269
3 5 8.978376 18.788294
4 7 0.045140 42.638011
5 7 3.003462 43.139309
5 6 9.437484 8.062258
