10 10 38853 490 49 7 0.001000 20
13 81 23.695045 27.859946
80 78 12.346057 10.905200
22 73 38.902672 41.842850
85 16 28.685209 29.486813
50 19 6.297218 5.671301
8 50 40.168660 43.960283
73 85 6.599035 5.757113
71 58 34.246006 37.274014
79 14 19.839435 20.869511
79 82 1.156584 1.045270
0 2 7.743383 12.041595
1 9 8.903647 4.123106
1 6 8.286297 9.899495
2 8 3.619807 82.036577
2 7 1.413986 51.244512
3 8 2.323287 6.324555
4 9 7.682637 69.354164
5 8 5.278839 79.605276
6 9 5.774754 6.708204
7 9 5.256425 25.298221
