9 11 3700 390 96 5 0.001000 20
34 60 20.014169 17.633572
68 1 15.810241 15.194778
84 62 1.003197 1.167924
43 75 12.018798 12.987212
39 61 34.137594 38.559334
35 58 20.540929 24.922075
36 66 29.837564 30.516464
66 28 30.052251 26.023301
48 43 28.128943 26.269162
0 5 24.450254 2.236068
0 4 20.000100 5.099020
1 4 24.643906 66.640828
1 2 19.021906 63.063460
2 8 21.940550 40.706265
2 4 19.014915 45.011110
3 8 18.687804 32.388269
3 5 15.987569 18.788294
4 7 23.489190 42.638011
5 7 15.677192 43.139309
5 6 17.108111 8.062258
