10 10 5314 2678 991 995 1.000000 20
13 81 23.376512 20.172659
80 78 43.619723 41.719614
22 73 8.829116 7.467077
85 16 13.663742 14.738557
50 19 0.056879 0.054742
8 50 48.974935 46.827587
73 85 23.266248 20.444413
71 58 34.019590 29.656980
79 14 32.107885 29.153093
79 82 16.545318 15.715847
0 2 1.381701 12.041595
1 9 7.445340 4.123106
1 6 5.965963 9.899495
2 8 6.932885 82.036577
2 7 8.480166 51.244512
3 8 1.040879 6.324555
4 9 3.953858 69.354164
5 8 5.877192 79.605276
6 9 5.147450 6.708204
7 9 2.888753 25.298221
