10 10 41333 768 96 8 0.001000 20
13 81 20.320422 23.124643
80 78 36.745377 38.987650
22 73 27.369355 23.943311
85 16 32.104908 32.741414
50 19 0.258648 0.219333
8 50 4.064557 4.418284
73 85 16.839270 20.435612
71 58 21.505592 20.571873
79 14 12.766117 10.733619
79 82 31.493096 37.809447
0 2 24.403651 12.041595
1 9 17.879541 4.123106
1 6 17.248901 9.899495
2 8 23.731610 82.036577
2 7 16.944107 51.244512
3 8 24.937727 6.324555
4 9 15.353574 69.354164
5 8 20.778150 79.605276
6 9 16.442710 6.708204
7 9 23.769917 25.298221
