9 11 49675 259 197 46 0.010000 20
34 60 44.139847 41.951290
68 1 39.564077 43.731855
84 62 0.890098 0.862068
43 75 13.933935 17.319945
39 61 0.557906 0.492656
35 58 6.495367 7.196105
36 66 21.427726 25.195574
66 28 11.501468 11.739348
48 43 35.965247 39.910152
0 5 37.501390 2.236068
0 4 43.107124 5.099020
1 4 41.627171 66.640828
1 2 41.136768 63.063460
2 8 37.433013 40.706265
2 4 38.787273 45.011110
3 8 39.512909 32.388269
3 5 44.101539 18.788294
4 7 36.509896 42.638011
5 7 39.261184 43.139309
5 6 35.260761 8.062258
