10 10 26843 3816 97 6 0.001000 20
13 81 47.096741 41.927589
80 78 31.189814 27.221667
22 73 30.085860 29.312565
85 16 38.939615 37.676817
50 19 3.171725 3.000301
8 50 43.085278 37.704884
73 85 0.184739 0.204351
71 58 50.969571 43.124545
79 14 12.337466 13.171932
79 82 23.293221 28.703030
0 2 20.157260 12.041595
1 9 23.745147 4.123106
1 6 16.681268 9.899495
2 8 16.285795 82.036577
2 7 15.299562 51.244512
3 8 23.774029 6.324555
4 9 18.274648 69.354164
5 8 18.072835 79.605276
6 9 19.703520 6.708204
7 9 22.715051 25.298221
