9 11 26294 635 97 6 0.001000 20
34 60 0.794051 0.854183
68 1 46.810349 46.081294
84 62 17.888025 16.667214
43 75 24.440100 24.848541
39 61 43.726399 43.854347
35 58 23.996767 20.323756
36 66 12.053988 12.802392
66 28 15.121713 12.941832
48 43 15.711312 18.680824
0 5 16.800369 2.236068
0 4 17.052853 5.099020
1 4 21.455473 66.640828
1 2 16.428509 63.063460
2 8 24.852167 40.706265
2 4 16.441621 45.011110
3 8 21.330685 32.388269
3 5 24.432065 18.788294
4 7 20.962832 42.638011
5 7 22.095740 43.139309
5 6 19.199533 8.062258
