9 11 34239 2646 994 997 1.000000 20
34 60 16.184966 16.407011
68 1 16.983638 19.189784
84 62 29.546673 33.838553
43 75 39.565559 41.377981
39 61 46.546726 47.577220
35 58 12.266861 11.278496
36 66 22.556357 26.347117
66 28 1.551480 1.600242
48 43 21.761576 19.381889
0 5 42.891479 2.236068
0 4 44.685704 5.099020
1 4 45.981711 66.640828
1 2 49.567078 63.063460
2 8 46.497433 40.706265
2 4 40.262890 45.011110
3 8 41.760280 32.388269
3 5 46.181127 18.788294
4 7 42.148365 42.638011
5 7 42.496597 43.139309
5 6 44.241855 8.062258
