9 11 2825 670 44 9 0.001000 20
34 60 6.699886 8.179019
68 1 35.706934 32.013181
84 62 37.486356 46.648452
43 75 41.368550 40.452992
39 61 27.311445 31.718393
35 58 6.331725 6.469399
36 66 45.872225 38.393150
66 28 43.117073 40.461260
48 43 7.321490 6.791516
0 5 0.692954 2.236068
0 4 2.529254 5.099020
1 4 3.945986 66.640828
1 2 9.979009 63.063460
2 8 6.348021 40.706265
2 4 1.468327 45.011110
3 8 8.327814 32.388269
3 5 5.050480 18.788294
4 7 6.738100 42.638011
5 7 5.996112 43.139309
5 6 3.918166 8.062258
