9 11 42672 1686 991 998 1.000000 20
34 60 44.201184 46.977596
68 1 31.369244 29.330875
84 62 1.291168 1.151011
43 75 31.831118 31.880733
39 61 53.340189 45.636645
35 58 5.859072 5.484137
36 66 12.139673 11.578974
66 28 24.991143 23.021259
48 43 59.091375 49.674852
0 5 6.042046 2.236068
0 4 3.027462 5.099020
1 4 9.852838 66.640828
1 2 0.840443 63.063460
2 8 7.838246 40.706265
2 4 3.038285 45.011110
3 8 2.263145 32.388269
3 5 3.142984 18.788294
4 7 9.096088 42.638011
5 7 3.945064 43.139309
5 6 6.366373 8.062258
