10 10 26686 988 148 27 0.010000 20
13 81 51.762018 45.115272
80 78 8.616505 7.341937
22 73 24.756081 29.520859
85 16 17.806032 21.880003
50 19 10.615080 11.690605
8 50 43.366523 39.530037
73 85 16.546813 15.828506
71 58 16.212018 16.277296
79 14 41.721356 43.223783
79 82 44.481354 46.535622
0 2 6.699339 12.041595
1 9 8.264302 4.123106
1 6 9.542398 9.899495
2 8 4.628638 82.036577
2 7 9.848645 51.244512
3 8 1.882635 6.324555
4 9 5.796450 69.354164
5 8 2.220754 79.605276
6 9 3.233467 6.708204
7 9 4.834205 25.298221
