10 10 40109 721 49 6 0.001000 20
13 81 19.234630 21.116489
80 78 21.341959 21.034595
22 73 34.173325 42.195606
85 16 5.969681 6.734166
50 19 44.994717 39.225045
8 50 43.021348 42.403735
73 85 19.567512 20.889656
71 58 45.692962 49.758303
79 14 32.630634 31.832890
79 82 22.466366 27.566889
0 2 3.519660 12.041595
1 9 4.123735 4.123106
1 6 9.003672 9.899495
2 8 0.778073 82.036577
2 7 1.363313 51.244512
3 8 0.174378 6.324555
4 9 8.565084 69.354164
5 8 6.946037 79.605276
6 9 4.735345 6.708204
7 9 2.522203 25.298221
