9 11 29560 266 995 997 1.000000 20
34 60 10.502183 11.219815
68 1 39.378275 33.100120
84 62 2.972061 2.843659
43 75 0.987044 0.949765
39 61 44.268987 48.156450
35 58 20.510463 23.072502
36 66 12.273953 12.099068
66 28 30.875193 29.402814
48 43 34.700595 39.724169
0 5 7.847399 2.236068
0 4 0.999350 5.099020
1 4 3.111618 66.640828
1 2 0.256970 63.063460
2 8 5.295301 40.706265
2 4 3.105626 45.011110
3 8 8.316242 32.388269
3 5 7.962133 18.788294
4 7 3.379761 42.638011
5 7 1.354820 43.139309
5 6 2.135846 8.062258
