9 11 39634 766 998 996 1.000000 20
34 60 11.058626 10.116346
68 1 25.850878 26.561722
84 62 17.544647 14.622921
43 75 19.655417 18.418585
39 61 39.196311 42.869334
35 58 3.357243 3.790081
36 66 24.362224 26.706344
66 28 16.442214 20.179013
48 43 18.339703 21.389090
0 5 9.161593 2.236068
0 4 5.726537 5.099020
1 4 1.900108 66.640828
1 2 5.188714 63.063460
2 8 2.388089 40.706265
2 4 8.059403 45.011110
3 8 4.932116 32.388269
3 5 9.393984 18.788294
4 7 1.660197 42.638011
5 7 6.203088 43.139309
5 6 4.189812 8.062258
