10 10 33979 587 49 8 0.001000 20
13 81 40.962914 49.803530
80 78 24.964552 21.598643
22 73 49.431687 45.119472
85 16 22.816316 19.416221
50 19 8.226245 8.019935
8 50 33.174163 32.843625
73 85 7.592545 8.779887
71 58 30.494923 35.624609
79 14 50.394555 47.851526
79 82 37.630618 40.708750
0 2 7.370862 12.041595
1 9 5.172535 4.123106
1 6 6.452376 9.899495
2 8 1.267673 82.036577
2 7 0.914149 51.244512
3 8 0.973196 6.324555
4 9 5.147974 69.354164
5 8 8.930384 79.605276
6 9 2.242484 6.708204
7 9 7.354720 25.298221
