10 10 39170 1447 49 9 0.001000 20
13 81 0.485598 0.532771
80 78 33.315296 34.460700
22 73 11.144381 9.343432
85 16 21.175199 20.019619
50 19 6.078088 7.039832
8 50 41.645428 49.293012
73 85 4.388636 4.286682
71 58 32.552632 35.773586
79 14 19.802859 18.514656
79 82 40.346179 44.337513
0 2 0.592976 12.041595
1 9 7.280673 4.123106
1 6 4.183887 9.899495
2 8 7.728397 82.036577
2 7 1.312169 51.244512
3 8 3.282822 6.324555
4 9 6.585808 69.354164
5 8 2.989005 79.605276
6 9 9.800152 6.708204
7 9 6.812085 25.298221
