10 10 50310 855 44 6 0.001000 20
13 81 19.610749 22.128141
80 78 24.680458 22.673202
22 73 25.584470 23.201894
85 16 40.617043 44.335320
50 19 0.241059 0.290341
8 50 28.473688 35.011207
73 85 10.342299 12.234969
71 58 30.680370 28.956022
79 14 9.697472 9.225990
79 82 37.328277 34.547707
0 2 3.912041 12.041595
1 9 2.930945 4.123106
1 6 8.538497 9.899495
2 8 6.292503 82.036577
2 7 4.502424 51.244512
3 8 2.793164 6.324555
4 9 9.428092 69.354164
5 8 6.066194 79.605276
6 9 5.567249 6.708204
7 9 8.525675 25.298221
