10 10 30181 405 143 29 0.010000 20
13 81 49.106484 47.655609
80 78 0.350223 0.411313
22 73 39.258553 41.236489
85 16 27.780386 29.851547
50 19 31.177525 36.184075
8 50 57.497497 49.120367
73 85 16.051776 19.013671
71 58 7.485755 6.699746
79 14 33.529683 33.315426
79 82 33.226340 32.452403
0 2 4.400117 12.041595
1 9 0.731207 4.123106
1 6 1.832297 9.899495
2 8 4.676698 82.036577
2 7 9.856972 51.244512
3 8 6.071672 6.324555
4 9 7.871007 69.354164
5 8 8.930812 79.605276
6 9 6.795055 6.708204
7 9 1.303074 25.298221
