9 11 34130 260 991 996 1.000000 20
34 60 22.062979 21.905832
68 1 32.271916 27.134521
84 62 24.368557 22.143379
43 75 19.482213 18.766858
39 61 59.384713 49.588385
35 58 35.614273 43.076773
36 66 11.390578 10.401257
66 28 21.615699 23.196208
48 43 31.824882 28.200369
0 5 48.911715 2.236068
0 4 45.955549 5.099020
1 4 41.546783 66.640828
1 2 47.627858 63.063460
2 8 47.031984 40.706265
2 4 45.385005 45.011110
3 8 49.764627 32.388269
3 5 43.114350 18.788294
4 7 44.810852 42.638011
5 7 44.672038 43.139309
5 6 45.022997 8.062258
