10 10 39560 857 998 999 1.000000 20
13 81 18.449340 20.576456
80 78 1.356000 1.373487
22 73 24.391210 28.244794
85 16 30.520741 26.351466
50 19 14.719207 16.886810
8 50 9.866511 12.246756
73 85 20.263753 22.364096
71 58 41.233220 49.052622
79 14 32.072000 26.779605
79 82 40.388550 36.214994
0 2 7.004832 12.041595
1 9 3.416130 4.123106
1 6 3.679876 9.899495
2 8 2.694653 82.036577
2 7 3.593678 51.244512
3 8 0.160461 6.324555
4 9 6.577225 69.354164
5 8 0.798349 79.605276
6 9 7.718176 6.708204
7 9 8.760602 25.298221
