10 10 43236 430 996 998 1.000000 20
13 81 35.518893 35.575654
80 78 0.033467 0.033321
22 73 33.331876 29.368953
85 16 15.981869 13.629230
50 19 30.300534 27.021214
8 50 17.749456 15.516849
73 85 36.934897 34.657054
71 58 11.266139 13.322024
79 14 6.996069 6.880699
79 82 31.539532 33.089145
0 2 45.500460 12.041595
1 9 41.106644 4.123106
1 6 48.286403 9.899495
2 8 42.740999 82.036577
2 7 44.266800 51.244512
3 8 41.941186 6.324555
4 9 47.294289 69.354164
5 8 40.851626 79.605276
6 9 49.961582 6.708204
7 9 48.572645 25.298221
