10 10 5171 599 90 5 0.001000 20
13 81 44.781586 44.927747
80 78 7.366862 7.507774
22 73 36.164432 36.497158
85 16 14.760760 14.825651
50 19 42.048446 46.880928
8 50 22.450115 21.110866
73 85 2.567259 2.501517
71 58 25.027815 21.241492
79 14 14.521117 17.785111
79 82 12.782233 11.513142
0 2 24.086704 12.041595
1 9 16.043728 4.123106
1 6 22.885107 9.899495
2 8 19.692520 82.036577
2 7 19.834681 51.244512
3 8 19.197390 6.324555
4 9 23.326673 69.354164
5 8 20.375162 79.605276
6 9 24.614215 6.708204
7 9 19.455747 25.298221
