9 11 43552 766 196 45 0.010000 20
34 60 13.920274 12.922042
68 1 8.455112 8.443246
84 62 28.485971 26.299304
43 75 25.680567 24.769506
39 61 7.583420 7.278106
35 58 8.557010 8.948139
36 66 34.663545 38.076859
66 28 21.199303 24.934958
48 43 26.213597 31.902047
0 5 44.034147 2.236068
0 4 37.961621 5.099020
1 4 38.786060 66.640828
1 2 44.248834 63.063460
2 8 43.559049 40.706265
2 4 36.101639 45.011110
3 8 35.763507 32.388269
3 5 42.456634 18.788294
4 7 35.488652 42.638011
5 7 38.987424 43.139309
5 6 36.814818 8.062258
