10 10 428 1253 999 998 1.000000 20
13 81 50.529226 44.696721
80 78 14.940391 15.061638
22 73 20.174554 21.875700
85 16 44.862510 42.957524
50 19 36.851507 33.764624
8 50 50.293283 46.330230
73 85 25.834663 26.843896
71 58 9.980215 9.529962
79 14 22.788020 21.369510
79 82 16.930721 16.853742
0 2 42.803872 12.041595
1 9 40.990166 4.123106
1 6 48.167977 9.899495
2 8 48.864703 82.036577
2 7 41.400275 51.244512
3 8 44.064478 6.324555
4 9 43.369492 69.354164
5 8 49.695060 79.605276
6 9 48.042277 6.708204
7 9 42.334136 25.298221
