10 10 2950 1593 147 29 0.010000 20
13 81 9.320827 11.480643
80 78 34.078309 36.452890
22 73 8.151584 9.230188
85 16 19.727961 20.145105
50 19 8.893162 7.842542
8 50 40.571828 40.313204
73 85 16.189300 17.440080
71 58 21.417385 24.367782
79 14 32.776076 33.113480
79 82 37.721934 36.416174
0 2 1.645924 12.041595
1 9 0.452387 4.123106
1 6 1.769163 9.899495
2 8 1.277064 82.036577
2 7 6.240244 51.244512
3 8 6.721615 6.324555
4 9 7.152948 69.354164
5 8 7.144782 79.605276
6 9 4.654185 6.708204
7 9 2.562540 25.298221
