9 11 46303 696 144 29 0.010000 20
34 60 40.029800 49.581604
68 1 3.732545 3.577964
84 62 41.273186 41.752393
43 75 42.292900 38.243778
39 61 36.627476 42.806803
35 58 15.141440 15.386129
36 66 48.139473 40.410682
66 28 3.423268 3.892697
48 43 13.714378 13.434069
0 5 4.352796 2.236068
0 4 3.712823 5.099020
1 4 2.564115 66.640828
1 2 3.101525 63.063460
2 8 7.464048 40.706265
2 4 4.124241 45.011110
3 8 0.605774 32.388269
3 5 2.420862 18.788294
4 7 9.711948 42.638011
5 7 8.003897 43.139309
5 6 1.094910 8.062258
