9 11 31979 1120 146 27 0.010000 20
34 60 51.143575 43.033664
68 1 44.050522 38.412366
84 62 15.832797 17.065178
43 75 16.307781 14.881274
39 61 19.223264 20.433506
35 58 42.759078 41.821691
36 66 5.020400 5.960115
66 28 27.899115 33.980313
48 43 3.163676 3.402868
0 5 8.373783 2.236068
0 4 3.892212 5.099020
1 4 5.701852 66.640828
1 2 4.956414 63.063460
2 8 2.952855 40.706265
2 4 6.938624 45.011110
3 8 1.910556 32.388269
3 5 7.612302 18.788294
4 7 4.612591 42.638011
5 7 4.018554 43.139309
5 6 2.337302 8.062258
