9 11 26941 921 147 28 0.010000 20
34 60 34.598921 29.145399
68 1 0.919708 1.057868
84 62 10.444062 9.930521
43 75 8.416931 9.249208
39 61 15.078921 14.036382
35 58 37.940355 34.344448
36 66 11.445517 11.027008
66 28 50.645968 43.910984
48 43 31.226065 35.435703
0 5 0.945440 2.236068
0 4 6.308737 5.099020
1 4 5.958547 66.640828
1 2 2.607461 63.063460
2 8 3.897748 40.706265
2 4 3.301749 45.011110
3 8 0.490498 32.388269
3 5 7.834172 18.788294
4 7 9.476338 42.638011
5 7 6.634673 43.139309
5 6 9.072898 8.062258
