9 11 3900 614 146 25 0.010000 20
34 60 16.755539 15.315084
68 1 23.034237 25.874253
84 62 28.000376 30.763091
43 75 43.079028 38.076883
39 61 21.278915 18.247534
35 58 21.032171 24.828315
36 66 0.001486 0.001588
66 28 5.689578 5.274080
48 43 24.639887 27.119007
0 5 9.782708 2.236068
0 4 6.891698 5.099020
1 4 5.524691 66.640828
1 2 8.994298 63.063460
2 8 4.146007 40.706265
2 4 1.654963 45.011110
3 8 4.483169 32.388269
3 5 3.652779 18.788294
4 7 3.538408 42.638011
5 7 4.530690 43.139309
5 6 3.260711 8.062258
