9 11 41555 919 91 5 0.001000 20
34 60 2.312794 2.291989
68 1 32.474448 29.631685
84 62 52.360871 45.617629
43 75 34.238909 40.410595
39 61 17.658127 19.807743
35 58 2.892218 2.644719
36 66 25.528833 24.548004
66 28 12.942973 11.430445
48 43 32.534688 28.614748
0 5 15.781603 2.236068
0 4 18.691951 5.099020
1 4 21.192336 66.640828
1 2 23.632176 63.063460
2 8 18.672911 40.706265
2 4 15.254460 45.011110
3 8 19.603954 32.388269
3 5 19.493999 18.788294
4 7 20.178881 42.638011
5 7 20.752367 43.139309
5 6 24.458345 8.062258
