10 10 44512 930 197 49 0.010000 20
13 81 43.016033 49.581079
80 78 46.052520 38.971084
22 73 13.240073 13.792860
85 16 28.817908 27.287545
50 19 30.324615 37.007032
8 50 2.253126 2.277652
73 85 39.443826 39.106307
71 58 13.742424 16.325859
79 14 38.009748 46.365353
79 82 46.151436 38.660206
0 2 43.316439 12.041595
1 9 42.034629 4.123106
1 6 36.270651 9.899495
2 8 36.043150 82.036577
2 7 40.266539 51.244512
3 8 36.337213 6.324555
4 9 41.010581 69.354164
5 8 41.383682 79.605276
6 9 40.485817 6.708204
7 9 38.690809 25.298221
