10 10 47295 520 197 49 0.010000 20
13 81 55.032084 46.253129
80 78 24.590275 22.941108
22 73 8.253250 8.060512
85 16 29.990624 35.774909
50 19 36.293308 35.261189
8 50 17.469714 15.965764
73 85 43.867975 39.214400
71 58 36.987409 34.125797
79 14 11.982739 10.150888
79 82 0.949677 0.837743
0 2 38.424963 12.041595
1 9 35.750672 4.123106
1 6 41.230503 9.899495
2 8 38.111045 82.036577
2 7 36.875211 51.244512
3 8 38.607829 6.324555
4 9 39.091745 69.354164
5 8 41.481489 79.605276
6 9 41.404695 6.708204
7 9 38.117030 25.298221
