10 10 27512 279 147 28 0.010000 20
13 81 31.033210 28.919131
80 78 1.336295 1.585450
22 73 32.204886 29.236961
85 16 8.820710 7.792426
50 19 1.786590 2.108038
8 50 40.318551 34.871697
73 85 52.477194 44.766312
71 58 29.067841 27.276847
79 14 26.962283 31.905614
79 82 35.604804 31.822009
0 2 9.930881 12.041595
1 9 9.680768 4.123106
1 6 8.065911 9.899495
2 8 7.009122 82.036577
2 7 6.391959 51.244512
3 8 1.135818 6.324555
4 9 5.644728 69.354164
5 8 8.461807 79.605276
6 9 0.534645 6.708204
7 9 3.835654 25.298221
