9 11 37750 365 94 9 0.001000 20
34 60 27.069723 27.886478
68 1 25.832866 29.587670
84 62 47.719054 48.547617
43 75 36.871391 43.244729
39 61 29.709101 24.785353
35 58 3.790495 3.479163
36 66 9.380152 9.441706
66 28 12.267288 10.541301
48 43 16.841602 17.995958
0 5 23.657646 2.236068
0 4 21.073617 5.099020
1 4 18.007534 66.640828
1 2 22.893888 63.063460
2 8 20.502955 40.706265
2 4 18.720958 45.011110
3 8 16.465169 32.388269
3 5 24.113848 18.788294
4 7 19.686368 42.638011
5 7 15.846177 43.139309
5 6 19.143900 8.062258
