10 10 43947 519 45 6 0.001000 20
13 81 16.782733 14.231579
80 78 2.982860 2.741964
22 73 13.604770 15.779412
85 16 1.308977 1.216361
50 19 52.732139 45.978498
8 50 20.140444 19.404129
73 85 24.051187 20.803289
71 58 27.491200 32.292325
79 14 41.591778 46.668368
79 82 40.790827 43.799645
0 2 3.480142 12.041595
1 9 3.005914 4.123106
1 6 4.885433 9.899495
2 8 3.850927 82.036577
2 7 1.889116 51.244512
3 8 6.573434 6.324555
4 9 3.368410 69.354164
5 8 0.676500 79.605276
6 9 9.405676 6.708204
7 9 8.082931 25.298221
