9 11 26039 2865 94 7 0.001000 20
34 60 2.406677 2.544317
68 1 3.514285 3.642435
84 62 11.299156 10.707812
43 75 25.445211 23.071336
39 61 51.505088 43.708058
35 58 13.581993 11.508767
36 66 13.453934 15.255815
66 28 28.621953 34.573456
48 43 2.659202 2.562387
0 5 24.687698 2.236068
0 4 20.664644 5.099020
1 4 22.040013 66.640828
1 2 17.111080 63.063460
2 8 18.448156 40.706265
2 4 22.702176 45.011110
3 8 21.710770 32.388269
3 5 22.928154 18.788294
4 7 18.003383 42.638011
5 7 15.743023 43.139309
5 6 22.680218 8.062258
