9 11 46606 2323 91 8 0.001000 20
34 60 44.424212 40.277703
68 1 17.186447 14.437309
84 62 40.790319 41.069766
43 75 51.376351 48.277477
39 61 30.291234 37.481757
35 58 37.144992 39.618667
36 66 27.495191 23.318948
66 28 20.462026 17.873456
48 43 10.139398 11.185339
0 5 22.813969 2.236068
0 4 16.942750 5.099020
1 4 15.911539 66.640828
1 2 16.231595 63.063460
2 8 17.230174 40.706265
2 4 21.172074 45.011110
3 8 15.453151 32.388269
3 5 17.071264 18.788294
4 7 21.679443 42.638011
5 7 16.044354 43.139309
5 6 24.488971 8.062258
