9 11 38512 828 192 49 0.010000 20
34 60 26.114417 22.384212
68 1 15.587793 15.000061
84 62 13.746758 11.850379
43 75 33.076297 33.383376
39 61 10.862862 11.868603
35 58 6.587789 6.603808
36 66 23.490834 26.284183
66 28 15.662319 14.831966
48 43 16.827155 15.734173
0 5 36.847934 2.236068
0 4 38.535350 5.099020
1 4 44.569664 66.640828
1 2 40.857881 63.063460
2 8 44.443875 40.706265
2 4 43.631219 45.011110
3 8 43.393250 32.388269
3 5 42.000731 18.788294
4 7 39.082811 42.638011
5 7 40.746848 43.139309
5 6 38.679505 8.062258
