10 10 27829 1218 94 6 0.001000 20
13 81 29.372382 32.873720
80 78 20.758634 20.412745
22 73 38.344565 34.034371
85 16 43.411410 46.529993
50 19 5.422839 5.375532
8 50 0.617934 0.529981
73 85 47.306483 43.158856
71 58 44.019884 38.681631
79 14 0.849787 0.874459
79 82 45.428292 42.099201
0 2 20.351738 12.041595
1 9 17.405319 4.123106
1 6 15.030033 9.899495
2 8 16.208404 82.036577
2 7 19.791289 51.244512
3 8 15.150252 6.324555
4 9 21.607977 69.354164
5 8 19.523707 79.605276
6 9 15.004295 6.708204
7 9 19.231083 25.298221
