10 10 42551 575 998 995 1.000000 20
13 81 1.586455 1.401614
80 78 10.459957 10.571121
22 73 31.605889 34.963157
85 16 6.930493 7.670578
50 19 44.415753 45.174006
8 50 24.612760 24.838456
73 85 28.116498 33.607581
71 58 20.757292 20.954577
79 14 31.345129 29.890583
79 82 25.960452 30.285461
0 2 44.679539 12.041595
1 9 43.016620 4.123106
1 6 41.767496 9.899495
2 8 40.395762 82.036577
2 7 44.970121 51.244512
3 8 43.137821 6.324555
4 9 44.950007 69.354164
5 8 42.853460 79.605276
6 9 43.135080 6.708204
7 9 46.836752 25.298221
