10 10 42534 427 93 9 0.001000 20
13 81 35.678887 37.199271
80 78 34.859746 39.301575
22 73 31.721127 36.682798
85 16 32.408248 36.475007
50 19 15.690242 19.298596
8 50 6.956361 6.717877
73 85 32.791274 32.837655
71 58 17.210656 14.807684
79 14 9.037897 10.362269
79 82 54.350953 48.273802
0 2 23.773021 12.041595
1 9 19.746743 4.123106
1 6 20.769816 9.899495
2 8 18.530180 82.036577
2 7 17.159961 51.244512
3 8 24.223663 6.324555
4 9 16.827802 69.354164
5 8 16.952010 79.605276
6 9 18.486462 6.708204
7 9 22.434839 25.298221
