9 11 49567 521 95 5 0.001000 20
34 60 22.359908 21.349150
68 1 8.554488 7.222820
84 62 35.009823 36.335137
43 75 30.799085 36.984728
39 61 9.126936 10.052525
35 58 10.110558 9.110400
36 66 11.979794 13.132057
66 28 38.985903 44.339775
48 43 22.563840 19.064426
0 5 19.107605 2.236068
0 4 22.642458 5.099020
1 4 20.669156 66.640828
1 2 16.610682 63.063460
2 8 18.387303 40.706265
2 4 15.821516 45.011110
3 8 21.710819 32.388269
3 5 23.212715 18.788294
4 7 20.293309 42.638011
5 7 24.525778 43.139309
5 6 16.524983 8.062258
