9 11 48157 2909 95 5 0.001000 20
34 60 18.567595 21.721926
68 1 7.125506 6.404967
84 62 31.240592 26.855229
43 75 27.076691 23.809404
39 61 35.523592 36.425538
35 58 32.294889 29.615225
36 66 40.639136 39.987866
66 28 8.418090 7.032718
48 43 19.311256 22.796225
0 5 20.610990 2.236068
0 4 18.580309 5.099020
1 4 24.579153 66.640828
1 2 20.025189 63.063460
2 8 23.789226 40.706265
2 4 20.228866 45.011110
3 8 23.686871 32.388269
3 5 23.832294 18.788294
4 7 22.908825 42.638011
5 7 17.188468 43.139309
5 6 15.197197 8.062258
