10 10 26274 573 91 9 0.001000 20
13 81 34.337371 31.258247
80 78 0.209290 0.247820
22 73 48.284578 48.884133
85 16 7.955153 7.757064
50 19 13.093064 11.013993
8 50 28.712666 34.187970
73 85 28.206178 34.674603
71 58 37.278693 35.678300
79 14 10.552688 10.096956
79 82 10.260374 11.712211
0 2 16.718531 12.041595
1 9 20.159846 4.123106
1 6 16.081568 9.899495
2 8 22.483113 82.036577
2 7 15.042835 51.244512
3 8 16.781954 6.324555
4 9 22.373325 69.354164
5 8 18.833684 79.605276
6 9 23.226785 6.708204
7 9 17.997064 25.298221
