10 10 2900 364 199 48 0.010000 20
13 81 20.492729 18.805648
80 78 17.785962 15.108017
22 73 2.011892 2.087158
85 16 17.829225 18.401360
50 19 26.154099 30.779642
8 50 6.806167 6.041171
73 85 8.680876 10.191065
71 58 10.369827 10.511940
79 14 42.309481 45.413185
79 82 23.101093 28.402074
0 2 35.710938 12.041595
1 9 43.585799 4.123106
1 6 39.618229 9.899495
2 8 39.601896 82.036577
2 7 41.627609 51.244512
3 8 43.345060 6.324555
4 9 36.994422 69.354164
5 8 44.043824 79.605276
6 9 42.109686 6.708204
7 9 37.198682 25.298221
