9 11 38487 379 149 26 0.010000 20
34 60 7.007587 5.931366
68 1 21.891794 24.826968
84 62 5.713774 5.381593
43 75 38.496008 39.690002
39 61 5.406935 6.743748
35 58 20.683293 21.641581
36 66 7.334880 9.124277
66 28 8.310809 10.294203
48 43 1.294235 1.171197
0 5 7.102696 2.236068
0 4 6.586661 5.099020
1 4 1.689839 66.640828
1 2 2.973630 63.063460
2 8 8.806185 40.706265
2 4 0.379012 45.011110
3 8 7.295743 32.388269
3 5 7.098552 18.788294
4 7 5.040672 42.638011
5 7 5.186245 43.139309
5 6 8.095250 8.062258
