10 10 49540 305 996 996 1.000000 20
13 81 27.399129 24.861868
80 78 0.610019 0.592718
22 73 58.183047 49.131072
85 16 3.820582 3.976289
50 19 8.996554 10.113004
8 50 33.473161 28.296419
73 85 36.365209 30.758001
71 58 29.990740 25.865416
79 14 12.336930 12.248384
79 82 25.044023 30.816993
0 2 46.235071 12.041595
1 9 43.118427 4.123106
1 6 47.848590 9.899495
2 8 44.014482 82.036577
2 7 47.725731 51.244512
3 8 42.589932 6.324555
4 9 47.995821 69.354164
5 8 49.256235 79.605276
6 9 48.706121 6.708204
7 9 45.853515 25.298221
