9 11 48789 558 995 998 1.000000 20
34 60 35.946736 30.233019
68 1 44.764583 42.234506
84 62 33.849175 37.542976
43 75 6.427202 5.431021
39 61 22.541903 21.686360
35 58 19.233617 17.998406
36 66 55.045730 47.803602
66 28 37.552770 46.837574
48 43 23.596747 23.687698
0 5 8.456726 2.236068
0 4 8.724595 5.099020
1 4 8.443908 66.640828
1 2 7.159207 63.063460
2 8 7.683637 40.706265
2 4 1.889853 45.011110
3 8 7.580113 32.388269
3 5 1.749138 18.788294
4 7 9.547050 42.638011
5 7 3.862013 43.139309
5 6 0.378336 8.062258
