9 11 31163 918 98 9 0.001000 20
34 60 18.952058 17.205309
68 1 23.788068 27.985183
84 62 11.613099 10.965989
43 75 3.857382 3.890915
39 61 2.962786 3.466703
35 58 39.952607 46.511239
36 66 1.408710 1.184965
66 28 3.530799 3.062320
48 43 43.233944 45.339194
0 5 16.592090 2.236068
0 4 21.394086 5.099020
1 4 21.711420 66.640828
1 2 16.703720 63.063460
2 8 18.004028 40.706265
2 4 20.700588 45.011110
3 8 18.157305 32.388269
3 5 20.553215 18.788294
4 7 20.624343 42.638011
5 7 22.366860 43.139309
5 6 16.568152 8.062258
