9 11 30522 317 991 995 1.000000 20
34 60 47.672576 49.057340
68 1 17.966350 16.050132
84 62 16.839314 14.425839
43 75 0.185848 0.223922
39 61 7.175852 6.296289
35 58 27.453895 31.097084
36 66 25.810220 23.372388
66 28 7.176205 7.348261
48 43 20.338208 22.873035
0 5 1.928519 2.236068
0 4 2.846268 5.099020
1 4 4.172511 66.640828
1 2 4.772854 63.063460
2 8 8.788132 40.706265
2 4 5.333835 45.011110
3 8 5.841933 32.388269
3 5 9.652490 18.788294
4 7 3.786572 42.638011
5 7 8.838557 43.139309
5 6 0.330499 8.062258
