9 11 4862 1298 190 49 0.010000 20
34 60 16.072278 15.968003
68 1 29.736730 26.106971
84 62 11.122235 10.885933
43 75 18.646127 18.647674
39 61 34.603576 36.306211
35 58 48.360721 43.035612
36 66 20.002993 24.192563
66 28 31.369030 31.925098
48 43 24.272229 20.950936
0 5 42.114766 2.236068
0 4 35.095636 5.099020
1 4 41.467565 66.640828
1 2 38.693442 63.063460
2 8 40.014506 40.706265
2 4 37.055584 45.011110
3 8 37.850230 32.388269
3 5 43.009984 18.788294
4 7 42.891770 42.638011
5 7 40.874095 43.139309
5 6 38.030692 8.062258
