10 10 40454 689 990 999 1.000000 20
13 81 29.420046 32.948154
80 78 15.043695 18.334856
22 73 42.452862 48.023960
85 16 4.440930 5.160777
50 19 38.181583 39.411833
8 50 33.529845 32.104990
73 85 50.597756 47.751894
71 58 35.143350 34.327032
79 14 22.484275 19.772734
79 82 10.492755 9.470316
0 2 0.482997 12.041595
1 9 0.320486 4.123106
1 6 2.672270 9.899495
2 8 8.783952 82.036577
2 7 1.427402 51.244512
3 8 3.376809 6.324555
4 9 1.012588 69.354164
5 8 6.759495 79.605276
6 9 9.109523 6.708204
7 9 8.770863 25.298221
