9 11 40872 1490 91 9 0.001000 20
34 60 45.243815 47.186334
68 1 39.303538 34.828405
84 62 42.132892 37.919776
43 75 51.263083 44.886488
39 61 33.682686 30.540481
35 58 47.208327 49.079758
36 66 23.201752 26.929890
66 28 5.778207 6.713340
48 43 9.216466 9.335326
0 5 18.111334 2.236068
0 4 18.293345 5.099020
1 4 16.421171 66.640828
1 2 20.481530 63.063460
2 8 16.478855 40.706265
2 4 23.264415 45.011110
3 8 24.674408 32.388269
3 5 24.133620 18.788294
4 7 24.220591 42.638011
5 7 17.678035 43.139309
5 6 19.748283 8.062258
