9 11 44641 1448 40 7 0.001000 20
34 60 25.949351 24.513880
68 1 39.350135 46.031166
84 62 35.657696 39.809174
43 75 29.276752 25.795991
39 61 27.837711 24.425376
35 58 2.558441 2.434087
36 66 12.342481 14.155086
66 28 36.967862 32.138262
48 43 24.899749 30.106499
0 5 0.460237 2.236068
0 4 6.604593 5.099020
1 4 0.750449 66.640828
1 2 6.344619 63.063460
2 8 2.218703 40.706265
2 4 5.745431 45.011110
3 8 9.016378 32.388269
3 5 5.173430 18.788294
4 7 2.640645 42.638011
5 7 1.146125 43.139309
5 6 9.525393 8.062258
