9 11 29380 1112 94 9 0.001000 20
34 60 41.756502 40.763814
68 1 10.325887 8.969847
84 62 0.851275 0.935260
43 75 48.006255 40.287075
39 61 30.633803 29.152940
35 58 29.501751 28.855411
36 66 15.585284 18.187989
66 28 44.294266 38.833423
48 43 38.280972 45.081523
0 5 19.171127 2.236068
0 4 18.032479 5.099020
1 4 19.614892 66.640828
1 2 20.012001 63.063460
2 8 16.455816 40.706265
2 4 23.845425 45.011110
3 8 18.767263 32.388269
3 5 20.885323 18.788294
4 7 16.380690 42.638011
5 7 21.854991 43.139309
5 6 18.408014 8.062258
