10 10 3200 1848 43 7 0.001000 20
13 81 22.865676 22.156418
80 78 15.344996 14.383469
22 73 41.504735 40.330476
85 16 41.359703 37.695924
50 19 7.795739 9.039739
8 50 55.917101 47.504127
73 85 41.448242 45.184068
71 58 24.702554 24.257386
79 14 7.549001 6.767948
79 82 4.434067 4.226132
0 2 3.953247 12.041595
1 9 5.340378 4.123106
1 6 7.237055 9.899495
2 8 6.531630 82.036577
2 7 9.245133 51.244512
3 8 0.746150 6.324555
4 9 5.243417 69.354164
5 8 5.113669 79.605276
6 9 6.899358 6.708204
7 9 6.981877 25.298221
