10 10 36628 329 46 9 0.001000 20
13 81 17.661851 18.620013
80 78 14.867569 16.524596
22 73 2.354525 2.566117
85 16 52.263449 46.233049
50 19 8.549482 8.278598
8 50 47.042560 39.227204
73 85 28.271413 24.689382
71 58 43.647454 38.985743
79 14 3.794264 3.507344
79 82 24.052169 27.767722
0 2 9.533040 12.041595
1 9 6.633105 4.123106
1 6 2.613648 9.899495
2 8 2.247647 82.036577
2 7 1.145606 51.244512
3 8 6.934175 6.324555
4 9 5.900583 69.354164
5 8 9.945690 79.605276
6 9 5.395461 6.708204
7 9 2.894406 25.298221
