10 10 44846 629 98 5 0.001000 20
13 81 23.056232 25.315645
80 78 31.671522 38.130944
22 73 27.889858 23.974921
85 16 16.310320 14.291923
50 19 7.251368 6.912804
8 50 18.180582 17.665491
73 85 14.969091 13.551914
71 58 36.630649 33.376586
79 14 17.832737 17.973903
79 82 34.380632 40.767802
0 2 24.064877 12.041595
1 9 20.785672 4.123106
1 6 22.556043 9.899495
2 8 23.333357 82.036577
2 7 24.748981 51.244512
3 8 22.943991 6.324555
4 9 18.582259 69.354164
5 8 23.221053 79.605276
6 9 15.269095 6.708204
7 9 24.494902 25.298221
