9 11 31938 1073 92 7 0.001000 20
34 60 14.244135 17.250860
68 1 0.879446 0.756849
84 62 17.216940 17.898879
43 75 1.540007 1.391997
39 61 5.372916 5.055912
35 58 16.102898 15.447362
36 66 26.118909 24.262727
66 28 32.509606 35.728526
48 43 11.146409 12.702091
0 5 19.484996 2.236068
0 4 16.020311 5.099020
1 4 16.289756 66.640828
1 2 21.740338 63.063460
2 8 23.211450 40.706265
2 4 18.999617 45.011110
3 8 20.904737 32.388269
3 5 22.126610 18.788294
4 7 23.687161 42.638011
5 7 24.709969 43.139309
5 6 23.843945 8.062258
