10 10 33604 757 191 48 0.010000 20
13 81 2.418709 2.825664
80 78 14.340342 13.306390
22 73 44.060846 45.126345
85 16 29.667967 36.890283
50 19 24.460372 30.118116
8 50 14.537455 16.774461
73 85 3.952635 4.254863
71 58 17.468868 16.557162
79 14 12.089969 12.374660
79 82 42.121630 38.834236
0 2 43.063661 12.041595
1 9 39.685933 4.123106
1 6 40.486982 9.899495
2 8 43.373287 82.036577
2 7 36.944083 51.244512
3 8 43.643123 6.324555
4 9 44.370668 69.354164
5 8 38.026556 79.605276
6 9 40.878315 6.708204
7 9 36.147299 25.298221
