9 11 40254 1502 91 5 0.001000 20
34 60 34.024452 34.056284
68 1 4.704528 3.975731
84 62 29.354657 36.414815
43 75 45.420648 41.763080
39 61 16.103692 15.531471
35 58 45.037099 42.149471
36 66 19.123274 20.483298
66 28 5.183858 5.151251
48 43 5.656887 4.763076
0 5 18.082877 2.236068
0 4 16.392868 5.099020
1 4 17.252673 66.640828
1 2 19.783246 63.063460
2 8 17.807823 40.706265
2 4 17.194735 45.011110
3 8 19.850856 32.388269
3 5 20.944417 18.788294
4 7 21.501963 42.638011
5 7 17.525940 43.139309
5 6 23.423657 8.062258
