10 10 42258 1896 93 5 0.001000 20
13 81 23.528842 22.110564
80 78 52.946456 44.348857
22 73 14.091256 16.614488
85 16 42.769146 36.375589
50 19 24.687985 27.384339
8 50 2.447784 2.307187
73 85 35.291978 33.765988
71 58 45.645363 43.019989
79 14 5.109065 4.463372
79 82 39.440365 35.479602
0 2 23.111912 12.041595
1 9 16.601442 4.123106
1 6 17.730818 9.899495
2 8 15.212918 82.036577
2 7 23.252818 51.244512
3 8 16.740307 6.324555
4 9 15.064634 69.354164
5 8 15.209589 79.605276
6 9 15.367486 6.708204
7 9 23.615857 25.298221
