9 11 40581 1819 146 27 0.010000 20
34 60 36.329401 38.001861
68 1 23.329865 24.092283
84 62 37.928454 32.019513
43 75 4.796945 4.672053
39 61 37.368080 39.510812
35 58 24.677798 25.834029
36 66 51.147137 47.820843
66 28 17.406865 21.426729
48 43 51.719054 44.677404
0 5 3.244811 2.236068
0 4 1.981958 5.099020
1 4 1.004223 66.640828
1 2 1.424429 63.063460
2 8 3.784637 40.706265
2 4 3.967247 45.011110
3 8 9.818947 32.388269
3 5 8.466993 18.788294
4 7 5.892716 42.638011
5 7 2.265379 43.139309
5 6 5.031404 8.062258
