9 11 44461 658 43 9 0.001000 20
34 60 30.211195 32.172096
68 1 19.886853 20.700659
84 62 9.311785 10.275295
43 75 42.722467 38.654866
39 61 0.650540 0.601830
35 58 32.123437 29.541621
36 66 0.782120 0.792670
66 28 39.587431 33.820304
48 43 20.605461 17.806864
0 5 3.176363 2.236068
0 4 0.991121 5.099020
1 4 4.156980 66.640828
1 2 9.599697 63.063460
2 8 8.149008 40.706265
2 4 8.392078 45.011110
3 8 5.942392 32.388269
3 5 4.789129 18.788294
4 7 8.021523 42.638011
5 7 3.850802 43.139309
5 6 8.953912 8.062258
