10 10 41527 283 41 6 0.001000 20
13 81 16.999480 15.169242
80 78 12.724263 14.887483
22 73 0.673725 0.795765
85 16 17.270859 16.202868
50 19 16.534743 15.233110
8 50 32.497461 32.102028
73 85 51.148755 43.748012
71 58 36.468629 37.381519
79 14 7.271430 8.544345
79 82 26.720190 22.644973
0 2 5.968918 12.041595
1 9 1.611872 4.123106
1 6 1.493853 9.899495
2 8 6.617546 82.036577
2 7 0.029917 51.244512
3 8 2.241370 6.324555
4 9 1.159444 69.354164
5 8 4.823364 79.605276
6 9 6.450418 6.708204
7 9 6.315975 25.298221
