9 11 4655 681 141 27 0.010000 20
34 60 24.231889 25.414027
68 1 43.808419 46.318519
84 62 37.398947 45.891648
43 75 3.249957 3.749220
39 61 18.428798 21.874959
35 58 28.805430 29.173167
36 66 43.727541 43.412466
66 28 41.642014 47.614181
48 43 16.635395 14.552730
0 5 9.300877 2.236068
0 4 4.397526 5.099020
1 4 0.924177 66.640828
1 2 8.155000 63.063460
2 8 7.163054 40.706265
2 4 3.793942 45.011110
3 8 0.392072 32.388269
3 5 0.356837 18.788294
4 7 1.510942 42.638011
5 7 8.390818 43.139309
5 6 9.058401 8.062258
