9 11 34456 846 99 9 0.001000 20
34 60 18.161295 20.441951
68 1 48.949165 48.555302
84 62 34.035632 31.184765
43 75 27.867553 32.936950
39 61 7.127421 6.503838
35 58 37.050921 45.145335
36 66 4.472519 5.189323
66 28 18.167853 20.813707
48 43 13.641548 11.612663
0 5 17.348644 2.236068
0 4 16.550969 5.099020
1 4 23.387218 66.640828
1 2 23.650626 63.063460
2 8 19.593696 40.706265
2 4 16.578368 45.011110
3 8 24.596198 32.388269
3 5 22.086672 18.788294
4 7 16.668808 42.638011
5 7 18.906708 43.139309
5 6 22.304919 8.062258
