10 10 41166 1427 147 25 0.010000 20
13 81 45.196549 38.278761
80 78 4.451065 5.212548
22 73 7.066990 7.911836
85 16 35.662674 32.117633
50 19 33.710572 29.922922
8 50 33.711193 31.637415
73 85 27.329004 29.306646
71 58 31.089272 26.995524
79 14 36.298170 30.480829
79 82 40.105032 45.930852
0 2 8.873548 12.041595
1 9 3.039752 4.123106
1 6 3.568371 9.899495
2 8 0.767584 82.036577
2 7 0.170268 51.244512
3 8 3.621765 6.324555
4 9 0.367377 69.354164
5 8 6.283071 79.605276
6 9 8.866446 6.708204
7 9 5.616294 25.298221
