10 10 42741 435 144 25 0.010000 20
13 81 18.992083 22.253689
80 78 33.077176 35.327953
22 73 32.428022 36.245841
85 16 25.276850 21.840274
50 19 7.821405 6.754862
8 50 18.461395 15.912810
73 85 8.750162 8.820808
71 58 29.565207 27.887362
79 14 20.670171 20.099952
79 82 9.486640 8.287616
0 2 8.112203 12.041595
1 9 6.326861 4.123106
1 6 9.206374 9.899495
2 8 7.164796 82.036577
2 7 5.209937 51.244512
3 8 4.729363 6.324555
4 9 9.643494 69.354164
5 8 2.553180 79.605276
6 9 2.175127 6.708204
7 9 5.915989 25.298221
