10 10 31857 1073 45 5 0.001000 20
13 81 12.921968 10.994142
80 78 5.390221 5.572821
22 73 16.540927 17.784275
85 16 34.969488 34.890486
50 19 37.949783 42.520382
8 50 7.457334 8.220396
73 85 19.980230 18.938761
71 58 6.660716 6.401789
79 14 44.876481 41.600956
79 82 40.345758 35.647720
0 2 9.654349 12.041595
1 9 3.521224 4.123106
1 6 6.176465 9.899495
2 8 4.907126 82.036577
2 7 6.519837 51.244512
3 8 1.893559 6.324555
4 9 7.762530 69.354164
5 8 9.897123 79.605276
6 9 2.251762 6.708204
7 9 2.956106 25.298221
