10 10 29040 2486 41 8 0.001000 20
13 81 16.778126 16.150059
80 78 40.391707 35.916090
22 73 42.398976 43.174487
85 16 43.963304 41.462454
50 19 41.151133 38.357015
8 50 38.454734 38.155260
73 85 7.404904 6.871212
71 58 4.620238 5.287031
79 14 11.906764 11.520345
79 82 31.377973 38.407381
0 2 4.844874 12.041595
1 9 3.413757 4.123106
1 6 1.271576 9.899495
2 8 0.768741 82.036577
2 7 6.249793 51.244512
3 8 5.629122 6.324555
4 9 8.039043 69.354164
5 8 4.285563 79.605276
6 9 3.290235 6.708204
7 9 0.723620 25.298221
