9 11 31632 1165 144 27 0.010000 20
34 60 41.782359 38.997916
68 1 31.185429 34.375001
84 62 10.428338 9.540615
43 75 0.149008 0.134824
39 61 21.409638 20.805654
35 58 7.566435 9.077242
36 66 19.331599 16.258696
66 28 19.544276 22.977414
48 43 14.686747 13.986891
0 5 8.851391 2.236068
0 4 8.663786 5.099020
1 4 7.286351 66.640828
1 2 3.855840 63.063460
2 8 6.872771 40.706265
2 4 7.890847 45.011110
3 8 4.570172 32.388269
3 5 3.693816 18.788294
4 7 2.718074 42.638011
5 7 8.047124 43.139309
5 6 3.545970 8.062258
