9 11 44717 1543 145 26 0.010000 20
34 60 23.318179 21.395045
68 1 11.785115 10.801285
84 62 39.557219 47.928787
43 75 32.060549 32.666886
39 61 42.463038 49.117772
35 58 10.852273 12.474814
36 66 46.011376 40.547830
66 28 23.371090 20.953534
48 43 5.707488 4.776561
0 5 5.083283 2.236068
0 4 1.165558 5.099020
1 4 9.589700 66.640828
1 2 5.532813 63.063460
2 8 1.628175 40.706265
2 4 7.906563 45.011110
3 8 7.988679 32.388269
3 5 5.366593 18.788294
4 7 7.350700 42.638011
5 7 2.385537 43.139309
5 6 0.916385 8.062258
