9 11 26882 455 192 48 0.010000 20
34 60 16.992260 14.279743
68 1 5.463527 5.546199
84 62 17.536203 18.428269
43 75 19.651595 20.591481
39 61 52.421222 47.904183
35 58 48.622003 45.750862
36 66 3.349082 3.864096
66 28 51.426299 43.196045
48 43 32.390201 30.083744
0 5 43.358724 2.236068
0 4 40.962467 5.099020
1 4 43.231403 66.640828
1 2 44.930090 63.063460
2 8 35.033816 40.706265
2 4 38.460577 45.011110
3 8 35.410333 32.388269
3 5 44.160882 18.788294
4 7 43.964412 42.638011
5 7 41.141203 43.139309
5 6 42.550624 8.062258
