10 10 29660 1352 193 46 0.010000 20
13 81 18.650132 16.413076
80 78 35.320324 30.660345
22 73 9.715355 10.487893
85 16 6.171298 5.900335
50 19 25.608669 25.638359
8 50 33.978087 39.339512
73 85 28.385124 34.413588
71 58 37.624943 46.252324
79 14 37.281071 40.111664
79 82 15.086330 13.071333
0 2 39.573741 12.041595
1 9 40.557129 4.123106
1 6 44.221423 9.899495
2 8 43.378659 82.036577
2 7 37.789612 51.244512
3 8 39.968857 6.324555
4 9 43.785487 69.354164
5 8 43.172620 79.605276
6 9 36.311539 6.708204
7 9 40.922332 25.298221
