9 11 48736 1889 993 995 1.000000 20
34 60 0.750593 0.892869
68 1 2.302623 2.338940
84 62 28.454331 33.281736
43 75 6.770875 7.403910
39 61 17.647117 18.829819
35 58 27.584737 31.878334
36 66 47.737523 46.584844
66 28 6.445120 6.081669
48 43 36.910242 30.957625
0 5 45.907594 2.236068
0 4 42.822811 5.099020
1 4 49.581809 66.640828
1 2 47.464639 63.063460
2 8 46.585951 40.706265
2 4 49.943120 45.011110
3 8 43.658043 32.388269
3 5 48.270237 18.788294
4 7 46.429124 42.638011
5 7 41.556849 43.139309
5 6 42.407904 8.062258
