10 10 45697 335 191 49 0.010000 20
13 81 6.012340 5.327805
80 78 18.151503 15.542741
22 73 5.153269 6.263258
85 16 7.537243 9.262730
50 19 4.627281 3.961857
8 50 33.172462 36.841685
73 85 18.602725 19.528477
71 58 15.585578 16.430782
79 14 23.049280 21.390703
79 82 34.760068 39.828565
0 2 44.306871 12.041595
1 9 42.551561 4.123106
1 6 39.090031 9.899495
2 8 37.213364 82.036577
2 7 43.603378 51.244512
3 8 43.678212 6.324555
4 9 37.086897 69.354164
5 8 41.388090 79.605276
6 9 39.651471 6.708204
7 9 42.952093 25.298221
