10 10 26705 324 194 46 0.010000 20
13 81 40.582087 48.838914
80 78 33.287640 35.206284
22 73 6.336377 7.738391
85 16 38.211443 42.567935
50 19 13.196793 12.130782
8 50 5.417763 4.590715
73 85 32.201296 33.873500
71 58 19.489016 23.545494
79 14 1.563989 1.864437
79 82 18.010781 17.078349
0 2 37.384656 12.041595
1 9 42.783775 4.123106
1 6 42.792466 9.899495
2 8 41.071734 82.036577
2 7 39.292471 51.244512
3 8 43.955393 6.324555
4 9 42.253567 69.354164
5 8 40.888979 79.605276
6 9 36.866424 6.708204
7 9 42.403961 25.298221
