9 11 38682 2702 998 997 1.000000 20
34 60 10.682252 12.779236
68 1 0.401509 0.412451
84 62 33.002661 38.325073
43 75 34.114154 40.623216
39 61 38.092778 35.158847
35 58 35.622818 32.626365
36 66 19.239176 23.493537
66 28 35.881982 31.688011
48 43 24.755620 26.017404
0 5 47.237366 2.236068
0 4 47.321165 5.099020
1 4 49.457741 66.640828
1 2 45.256711 63.063460
2 8 43.979758 40.706265
2 4 41.658664 45.011110
3 8 48.331718 32.388269
3 5 43.520108 18.788294
4 7 48.388217 42.638011
5 7 44.836059 43.139309
5 6 46.232054 8.062258
