10 10 45000 808 994 995 1.000000 20
13 81 3.783072 3.499970
80 78 18.669258 16.014808
22 73 15.516733 17.641604
85 16 37.102415 38.447335
50 19 2.256228 2.260667
8 50 32.530342 30.347418
73 85 7.687614 6.643369
71 58 15.124880 17.107340
79 14 17.290449 18.944421
79 82 4.632778 5.496052
0 2 45.865246 12.041595
1 9 41.284858 4.123106
1 6 46.987263 9.899495
2 8 46.948922 82.036577
2 7 42.355565 51.244512
3 8 49.143528 6.324555
4 9 49.502258 69.354164
5 8 42.539174 79.605276
6 9 45.506560 6.708204
7 9 44.334181 25.298221
