10 10 45209 458 142 26 0.010000 20
13 81 56.433033 49.331011
80 78 51.881642 44.858744
22 73 35.408788 35.424021
85 16 43.676241 36.722950
50 19 44.501959 39.170028
8 50 41.451700 36.111930
73 85 18.040627 20.048882
71 58 32.587570 29.324503
79 14 47.915601 49.571475
79 82 16.567545 19.231116
0 2 2.954531 12.041595
1 9 2.055114 4.123106
1 6 5.835618 9.899495
2 8 2.478290 82.036577
2 7 2.701253 51.244512
3 8 5.188808 6.324555
4 9 3.336675 69.354164
5 8 5.990954 79.605276
6 9 1.167895 6.708204
7 9 7.713461 25.298221
