10 10 27853 584 197 47 0.010000 20
13 81 47.336064 47.424149
80 78 52.414041 49.501321
22 73 25.206024 21.597008
85 16 48.355360 48.380051
50 19 13.031902 11.156043
8 50 21.980994 21.291524
73 85 16.989617 14.457323
71 58 30.414973 27.347484
79 14 34.349736 33.070116
79 82 23.084936 20.341836
0 2 36.226150 12.041595
1 9 36.896266 4.123106
1 6 44.055851 9.899495
2 8 40.591447 82.036577
2 7 41.915559 51.244512
3 8 35.706864 6.324555
4 9 38.083166 69.354164
5 8 35.768188 79.605276
6 9 40.104199 6.708204
7 9 39.986038 25.298221
