10 10 48578 308 47 7 0.001000 20
13 81 34.825480 31.580061
80 78 30.712868 26.561629
22 73 35.278382 43.227606
85 16 17.636636 15.329268
50 19 21.726549 23.598952
8 50 35.282866 43.627675
73 85 2.290852 2.445718
71 58 49.222069 47.542999
79 14 40.113371 45.666519
79 82 38.180984 35.845754
0 2 6.355161 12.041595
1 9 7.583708 4.123106
1 6 0.475071 9.899495
2 8 1.714238 82.036577
2 7 3.632106 51.244512
3 8 9.850213 6.324555
4 9 9.976575 69.354164
5 8 8.867770 79.605276
6 9 8.946967 6.708204
7 9 5.999759 25.298221
