9 11 50241 763 92 7 0.001000 20
34 60 17.713639 17.421484
68 1 5.687806 6.219973
84 62 29.282782 31.497865
43 75 49.826713 45.213663
39 61 25.463463 30.997017
35 58 36.260481 41.862273
36 66 14.186270 14.254694
66 28 38.842882 32.603775
48 43 21.479602 19.853999
0 5 15.394627 2.236068
0 4 24.995238 5.099020
1 4 18.621847 66.640828
1 2 24.565110 63.063460
2 8 22.942432 40.706265
2 4 20.477955 45.011110
3 8 22.745103 32.388269
3 5 20.986710 18.788294
4 7 20.179448 42.638011
5 7 17.014743 43.139309
5 6 23.408034 8.062258
