9 11 39585 767 994 999 1.000000 20
34 60 41.393785 38.933450
68 1 9.681996 9.805201
84 62 21.382248 22.870484
43 75 11.406282 13.813498
39 61 59.093249 49.800897
35 58 2.611186 2.651834
36 66 41.240741 47.367767
66 28 5.473955 4.586809
48 43 25.572116 31.032483
0 5 4.946964 2.236068
0 4 5.233942 5.099020
1 4 4.024188 66.640828
1 2 0.473373 63.063460
2 8 3.186911 40.706265
2 4 2.841628 45.011110
3 8 3.481740 32.388269
3 5 2.845317 18.788294
4 7 8.002568 42.638011
5 7 6.165337 43.139309
5 6 9.250497 8.062258
