9 11 3875 396 43 7 0.001000 20
34 60 15.219662 14.934228
68 1 0.139588 0.121835
84 62 39.588290 47.602477
43 75 40.491688 36.752337
39 61 21.466743 24.794586
35 58 27.232828 28.288431
36 66 33.986252 33.692924
66 28 24.756561 23.955187
48 43 29.776155 26.591810
0 5 1.776250 2.236068
0 4 4.780797 5.099020
1 4 3.436992 66.640828
1 2 8.638486 63.063460
2 8 0.435302 40.706265
2 4 6.443741 45.011110
3 8 0.334371 32.388269
3 5 0.786073 18.788294
4 7 4.353934 42.638011
5 7 1.490596 43.139309
5 6 9.431104 8.062258
