10 10 41388 756 142 25 0.010000 20
13 81 15.950162 15.166541
80 78 4.728223 4.094639
22 73 28.087035 26.547328
85 16 40.645078 42.910620
50 19 26.622958 25.653057
8 50 39.075724 35.667025
73 85 13.608458 12.942208
71 58 28.787862 25.698831
79 14 33.611536 29.587781
79 82 2.333309 2.178753
0 2 2.662092 12.041595
1 9 7.498749 4.123106
1 6 5.432653 9.899495
2 8 6.575737 82.036577
2 7 9.546799 51.244512
3 8 0.285639 6.324555
4 9 2.977337 69.354164
5 8 9.849205 79.605276
6 9 9.704626 6.708204
7 9 4.914287 25.298221
