10 10 33333 1084 143 27 0.010000 20
13 81 26.912769 22.843713
80 78 6.124692 6.066191
22 73 29.495651 31.891481
85 16 18.399920 21.110260
50 19 17.428958 16.817972
8 50 20.920255 19.939359
73 85 7.932072 8.680629
71 58 1.718019 1.545836
79 14 14.165787 13.905092
79 82 11.392217 10.537846
0 2 2.394280 12.041595
1 9 8.699489 4.123106
1 6 3.994900 9.899495
2 8 1.122078 82.036577
2 7 7.927696 51.244512
3 8 7.418783 6.324555
4 9 0.875772 69.354164
5 8 3.927828 79.605276
6 9 8.400903 6.708204
7 9 5.626853 25.298221
