9 11 46818 856 142 27 0.010000 20
34 60 30.834694 35.458196
68 1 37.361245 43.497095
84 62 0.698595 0.699803
43 75 14.544416 13.356127
39 61 9.342010 8.945187
35 58 12.478241 10.579762
36 66 43.535689 43.829887
66 28 20.544756 18.841934
48 43 21.173628 17.877888
0 5 2.521522 2.236068
0 4 9.531084 5.099020
1 4 8.155963 66.640828
1 2 7.268339 63.063460
2 8 1.881082 40.706265
2 4 9.865854 45.011110
3 8 5.690482 32.388269
3 5 4.802311 18.788294
4 7 4.227904 42.638011
5 7 1.965492 43.139309
5 6 7.749860 8.062258
