9 11 31204 466 96 6 0.001000 20
34 60 23.955442 24.982296
68 1 0.787012 0.885026
84 62 33.798049 31.630628
43 75 28.927752 25.854465
39 61 30.106561 36.546234
35 58 26.976204 32.657456
36 66 44.256347 47.781920
66 28 15.619510 13.635580
48 43 52.943509 44.469372
0 5 18.861622 2.236068
0 4 19.052247 5.099020
1 4 17.502093 66.640828
1 2 17.557178 63.063460
2 8 22.082816 40.706265
2 4 23.967430 45.011110
3 8 15.354141 32.388269
3 5 20.908999 18.788294
4 7 19.980480 42.638011
5 7 18.832330 43.139309
5 6 17.260401 8.062258
