9 11 38390 2050 991 998 1.000000 20
34 60 40.139787 49.312808
68 1 37.544757 40.992599
84 62 39.536712 42.450365
43 75 46.836955 48.019311
39 61 10.326708 10.495159
35 58 25.560756 31.805043
36 66 7.267237 6.365908
66 28 28.686127 24.728322
48 43 15.527166 15.388764
0 5 3.395846 2.236068
0 4 4.702448 5.099020
1 4 2.751840 66.640828
1 2 8.596441 63.063460
2 8 6.369690 40.706265
2 4 1.077821 45.011110
3 8 5.228127 32.388269
3 5 4.368213 18.788294
4 7 2.670244 42.638011
5 7 4.882370 43.139309
5 6 1.000036 8.062258
