10 10 34108 295 996 997 1.000000 20
13 81 31.135417 32.497239
80 78 28.034720 28.060797
22 73 0.598097 0.693769
85 16 24.257143 21.121921
50 19 0.424425 0.506465
8 50 27.325719 23.319001
73 85 30.855268 30.258604
71 58 36.904624 34.860633
79 14 14.193838 15.664553
79 82 29.069540 32.515150
0 2 48.813273 12.041595
1 9 42.235172 4.123106
1 6 45.421173 9.899495
2 8 43.102453 82.036577
2 7 41.736236 51.244512
3 8 44.972801 6.324555
4 9 47.163272 69.354164
5 8 43.526079 79.605276
6 9 43.892189 6.708204
7 9 40.636426 25.298221
