9 11 357 1722 90 5 0.001000 20
34 60 27.412450 25.149238
68 1 20.931145 25.559765
84 62 25.135737 26.658163
43 75 6.120229 6.531117
39 61 14.569953 13.506796
35 58 34.659154 36.880005
36 66 11.253802 10.472186
66 28 40.666051 41.421787
48 43 33.830501 31.934814
0 5 24.623837 2.236068
0 4 22.353435 5.099020
1 4 16.231200 66.640828
1 2 20.564345 63.063460
2 8 17.369343 40.706265
2 4 18.252522 45.011110
3 8 22.002067 32.388269
3 5 17.217618 18.788294
4 7 24.083019 42.638011
5 7 15.860782 43.139309
5 6 15.145915 8.062258
