9 11 36142 500 145 28 0.010000 20
34 60 16.755720 19.544508
68 1 20.980870 25.061307
84 62 25.262112 26.019163
43 75 7.568621 8.827557
39 61 1.226739 1.043937
35 58 23.373306 23.505380
36 66 42.970254 36.574637
66 28 18.177298 16.422609
48 43 20.118551 21.768580
0 5 9.720705 2.236068
0 4 9.899631 5.099020
1 4 3.486558 66.640828
1 2 8.784848 63.063460
2 8 5.992535 40.706265
2 4 2.580643 45.011110
3 8 2.709730 32.388269
3 5 5.600063 18.788294
4 7 5.846502 42.638011
5 7 8.796646 43.139309
5 6 5.100271 8.062258
