10 10 26607 438 197 46 0.010000 20
13 81 16.335970 15.907402
80 78 31.701790 37.371330
22 73 36.573368 35.500757
85 16 36.437985 35.333619
50 19 36.587422 31.480119
8 50 16.070226 14.730412
73 85 28.639013 31.113564
71 58 16.823697 18.859091
79 14 0.552352 0.477962
79 82 3.974348 3.347912
0 2 39.032249 12.041595
1 9 39.167066 4.123106
1 6 39.397018 9.899495
2 8 35.695660 82.036577
2 7 41.040081 51.244512
3 8 37.372341 6.324555
4 9 42.620351 69.354164
5 8 44.746846 79.605276
6 9 37.785929 6.708204
7 9 35.050658 25.298221
