9 11 40036 890 992 998 1.000000 20
34 60 39.576918 47.104947
68 1 31.666487 30.905803
84 62 24.402786 27.174791
43 75 1.355306 1.304980
39 61 37.231358 34.600511
35 58 17.712761 19.041273
36 66 15.608372 13.141120
66 28 38.964979 34.832548
48 43 39.716588 39.908409
0 5 3.344953 2.236068
0 4 5.780965 5.099020
1 4 5.466782 66.640828
1 2 0.102845 63.063460
2 8 8.748926 40.706265
2 4 5.191279 45.011110
3 8 6.305068 32.388269
3 5 0.820398 18.788294
4 7 3.873835 42.638011
5 7 3.128839 43.139309
5 6 4.283664 8.062258
