10 10 40090 2483 147 25 0.010000 20
13 81 17.385477 14.973971
80 78 17.831590 16.753469
22 73 24.444456 28.316882
85 16 0.455703 0.445642
50 19 38.636386 45.189192
8 50 41.801210 35.986177
73 85 17.590398 20.949451
71 58 23.007554 24.694367
79 14 43.449254 44.373396
79 82 53.161264 48.427652
0 2 3.756253 12.041595
1 9 0.481615 4.123106
1 6 4.838642 9.899495
2 8 6.432980 82.036577
2 7 6.517711 51.244512
3 8 1.602233 6.324555
4 9 2.963776 69.354164
5 8 5.263219 79.605276
6 9 9.241451 6.708204
7 9 8.695697 25.298221
