9 11 39048 1497 199 48 0.010000 20
34 60 17.180263 20.138585
68 1 20.505585 21.450081
84 62 0.922862 1.043607
43 75 15.845497 18.338299
39 61 40.443732 36.104140
35 58 29.909615 30.331596
36 66 42.001737 35.907466
66 28 52.831932 48.824313
48 43 40.073188 40.882342
0 5 39.306254 2.236068
0 4 44.906704 5.099020
1 4 35.101917 66.640828
1 2 43.037787 63.063460
2 8 35.727834 40.706265
2 4 39.953545 45.011110
3 8 43.256920 32.388269
3 5 37.637055 18.788294
4 7 40.201587 42.638011
5 7 36.573421 43.139309
5 6 37.241526 8.062258
