9 11 3150 436 191 45 0.010000 20
34 60 7.483875 7.156827
68 1 20.543331 25.189196
84 62 37.370490 34.525970
43 75 20.023495 18.747031
39 61 38.204242 40.881524
35 58 44.740723 41.349522
36 66 44.400491 48.813407
66 28 34.356363 40.796710
48 43 29.694074 26.322136
0 5 35.467290 2.236068
0 4 41.415810 5.099020
1 4 44.666833 66.640828
1 2 44.056063 63.063460
2 8 37.937661 40.706265
2 4 37.639804 45.011110
3 8 41.245844 32.388269
3 5 37.626220 18.788294
4 7 35.137768 42.638011
5 7 38.837471 43.139309
5 6 42.240040 8.062258
