10 10 30090 997 42 6 0.001000 20
13 81 22.033421 21.876715
80 78 14.476932 13.450148
22 73 6.807364 8.225082
85 16 10.750927 11.253031
50 19 39.388306 41.692799
8 50 12.865980 14.352201
73 85 20.451327 23.510625
71 58 15.277986 13.804100
79 14 36.375610 38.071936
79 82 12.070333 11.767335
0 2 6.782834 12.041595
1 9 7.123474 4.123106
1 6 3.634349 9.899495
2 8 7.273259 82.036577
2 7 1.531715 51.244512
3 8 6.424813 6.324555
4 9 2.563491 69.354164
5 8 6.796623 79.605276
6 9 8.408323 6.708204
7 9 0.704891 25.298221
