10 10 45744 304 146 26 0.010000 20
13 81 35.742487 36.939754
80 78 14.879824 15.970674
22 73 11.106387 12.428480
85 16 1.594369 1.943397
50 19 52.776889 46.540894
8 50 24.135601 29.803440
73 85 51.401925 46.439468
71 58 28.118868 27.966868
79 14 36.999132 40.471475
79 82 26.302815 24.370131
0 2 6.952264 12.041595
1 9 0.377115 4.123106
1 6 6.148732 9.899495
2 8 9.722042 82.036577
2 7 2.033724 51.244512
3 8 8.522907 6.324555
4 9 3.664507 69.354164
5 8 9.235399 79.605276
6 9 6.583131 6.708204
7 9 4.001672 25.298221
