9 11 29000 511 140 26 0.010000 20
34 60 18.733040 19.374496
68 1 33.097685 36.186036
84 62 32.044131 35.990673
43 75 20.957841 19.691359
39 61 12.755200 11.271111
35 58 22.044697 23.697304
36 66 13.270104 14.852178
66 28 32.802727 34.884426
48 43 34.530850 38.543983
0 5 4.132008 2.236068
0 4 4.109622 5.099020
1 4 9.410136 66.640828
1 2 5.100824 63.063460
2 8 6.582861 40.706265
2 4 4.586315 45.011110
3 8 8.657372 32.388269
3 5 2.280408 18.788294
4 7 8.857617 42.638011
5 7 6.411613 43.139309
5 6 6.600306 8.062258
