10 10 37906 332 40 6 0.001000 20
13 81 18.583668 15.717482
80 78 39.603661 38.250250
22 73 6.959647 6.869006
85 16 22.113308 22.768857
50 19 22.130325 18.838119
8 50 48.695903 42.123687
73 85 30.462090 26.316677
71 58 29.584572 26.225718
79 14 26.474682 31.729800
79 82 5.267334 5.575920
0 2 7.411102 12.041595
1 9 3.101736 4.123106
1 6 4.465685 9.899495
2 8 1.409268 82.036577
2 7 7.019926 51.244512
3 8 8.378440 6.324555
4 9 6.613739 69.354164
5 8 8.362156 79.605276
6 9 1.478310 6.708204
7 9 4.013707 25.298221
