9 11 47159 985 190 47 0.010000 20
34 60 20.059343 17.756178
68 1 25.621417 23.274274
84 62 21.489080 21.218751
43 75 17.068903 19.792147
39 61 55.093189 46.662027
35 58 13.428299 11.235497
36 66 13.745678 12.290083
66 28 25.464919 24.715839
48 43 31.602777 28.863134
0 5 37.938478 2.236068
0 4 38.735710 5.099020
1 4 43.571103 66.640828
1 2 40.642844 63.063460
2 8 36.236444 40.706265
2 4 43.035701 45.011110
3 8 44.481961 32.388269
3 5 36.619311 18.788294
4 7 37.639817 42.638011
5 7 44.328960 43.139309
5 6 35.128024 8.062258
