9 11 41500 1123 997 999 1.000000 20
34 60 30.496663 29.986545
68 1 19.721258 22.247842
84 62 1.667404 2.047777
43 75 16.823923 17.508206
39 61 25.643118 27.677722
35 58 50.816527 42.405911
36 66 40.667307 49.388767
66 28 38.206939 47.697538
48 43 0.641512 0.662896
0 5 1.852357 2.236068
0 4 9.813279 5.099020
1 4 7.811007 66.640828
1 2 6.599726 63.063460
2 8 0.970747 40.706265
2 4 1.207936 45.011110
3 8 5.111890 32.388269
3 5 4.578223 18.788294
4 7 0.942155 42.638011
5 7 5.381982 43.139309
5 6 8.546557 8.062258
