10 10 39317 1715 93 9 0.001000 20
13 81 6.312543 6.393965
80 78 28.022756 28.044833
22 73 5.907451 6.938198
85 16 1.619812 1.926456
50 19 2.696987 2.959602
8 50 2.986517 2.929006
73 85 12.658841 12.574403
71 58 26.539936 29.408116
79 14 21.450923 20.416137
79 82 41.324631 42.515588
0 2 19.840740 12.041595
1 9 23.923813 4.123106
1 6 18.271510 9.899495
2 8 22.728712 82.036577
2 7 20.548155 51.244512
3 8 21.844679 6.324555
4 9 23.794963 69.354164
5 8 17.479486 79.605276
6 9 19.501188 6.708204
7 9 17.912580 25.298221
