10 10 38536 1050 195 47 0.010000 20
13 81 40.712659 48.934568
80 78 52.764047 45.448561
22 73 40.470124 49.371997
85 16 12.709134 10.668246
50 19 35.078167 36.547174
8 50 45.352497 41.431374
73 85 12.661409 10.640934
71 58 24.776979 30.886757
79 14 26.625211 29.546471
79 82 28.046785 34.210278
0 2 41.548209 12.041595
1 9 44.958145 4.123106
1 6 39.303360 9.899495
2 8 41.596111 82.036577
2 7 38.691170 51.244512
3 8 43.533042 6.324555
4 9 39.658259 69.354164
5 8 43.232204 79.605276
6 9 43.701367 6.708204
7 9 40.563075 25.298221
