9 11 48605 1854 194 45 0.010000 20
34 60 34.031177 34.102490
68 1 28.961880 29.209035
84 62 19.055094 23.265387
43 75 13.557981 13.943893
39 61 13.480645 13.782051
35 58 38.971084 47.069238
36 66 4.325713 5.162823
66 28 41.828697 48.232185
48 43 26.911285 29.333818
0 5 44.365654 2.236068
0 4 40.299135 5.099020
1 4 43.298188 66.640828
1 2 44.664797 63.063460
2 8 42.588011 40.706265
2 4 40.937510 45.011110
3 8 43.603881 32.388269
3 5 43.454873 18.788294
4 7 43.146066 42.638011
5 7 37.257626 43.139309
5 6 41.319737 8.062258
