10 10 33479 632 96 7 0.001000 20
13 81 39.768786 47.722627
80 78 9.849516 11.753574
22 73 46.311308 39.341155
85 16 42.865170 39.473179
50 19 17.562190 20.588146
8 50 16.377215 14.446502
73 85 9.043695 9.265645
71 58 25.026549 22.604061
79 14 6.736550 5.784543
79 82 28.770116 28.541189
0 2 19.144170 12.041595
1 9 22.111598 4.123106
1 6 23.478535 9.899495
2 8 23.991068 82.036577
2 7 19.798189 51.244512
3 8 21.508622 6.324555
4 9 22.706470 69.354164
5 8 24.310000 79.605276
6 9 20.297792 6.708204
7 9 19.777245 25.298221
