10 10 29620 1416 144 26 0.010000 20
13 81 54.871783 49.170812
80 78 8.877829 7.837994
22 73 24.676031 27.780659
85 16 19.411091 21.040214
50 19 43.245913 42.117548
8 50 30.969485 29.225402
73 85 10.801104 12.899067
71 58 33.129046 36.904980
79 14 46.270969 41.999014
79 82 22.809796 22.753733
0 2 4.625824 12.041595
1 9 2.540796 4.123106
1 6 5.421381 9.899495
2 8 6.807413 82.036577
2 7 4.116266 51.244512
3 8 5.461486 6.324555
4 9 4.428929 69.354164
5 8 4.515243 79.605276
6 9 1.652188 6.708204
7 9 4.176560 25.298221
