10 10 42931 2089 192 45 0.010000 20
13 81 16.860007 14.697997
80 78 37.171574 31.118550
22 73 14.438790 13.442964
85 16 21.621503 23.662300
50 19 30.566876 38.131309
8 50 38.785178 35.173767
73 85 25.797454 22.997487
71 58 4.180064 4.123506
79 14 19.980683 20.257793
79 82 51.364969 44.765606
0 2 37.214099 12.041595
1 9 41.985859 4.123106
1 6 37.601763 9.899495
2 8 43.255190 82.036577
2 7 44.381757 51.244512
3 8 37.250423 6.324555
4 9 35.068319 69.354164
5 8 37.913576 79.605276
6 9 42.576468 6.708204
7 9 39.650848 25.298221
