10 10 31387 575 998 996 1.000000 20
13 81 16.367804 17.248897
80 78 42.381673 38.095205
22 73 10.125447 9.172094
85 16 3.432882 3.051203
50 19 44.743333 43.745532
8 50 40.319119 45.138486
73 85 38.382891 39.705981
71 58 53.042912 49.494190
79 14 38.860789 46.737154
79 82 45.509634 42.596834
0 2 9.989729 12.041595
1 9 1.098249 4.123106
1 6 9.560940 9.899495
2 8 8.699727 82.036577
2 7 3.657394 51.244512
3 8 0.528329 6.324555
4 9 5.213120 69.354164
5 8 1.864728 79.605276
6 9 2.468009 6.708204
7 9 4.470033 25.298221
