10 10 30318 744 146 26 0.010000 20
13 81 4.686327 4.279991
80 78 8.834606 7.399931
22 73 12.483325 14.762142
85 16 40.360567 39.382659
50 19 32.788265 33.351293
8 50 43.825617 42.812915
73 85 25.094158 27.314414
71 58 34.845946 36.023475
79 14 33.743768 33.850269
79 82 39.094775 45.274433
0 2 1.094750 12.041595
1 9 9.435617 4.123106
1 6 9.477390 9.899495
2 8 4.743028 82.036577
2 7 2.143832 51.244512
3 8 2.876233 6.324555
4 9 8.111194 69.354164
5 8 8.239686 79.605276
6 9 0.584158 6.708204
7 9 1.227010 25.298221
