10 10 404 1355 995 998 1.000000 20
13 81 19.663092 20.055454
80 78 1.621994 1.510976
22 73 41.947185 47.223801
85 16 48.129910 47.712063
50 19 26.118581 27.461360
8 50 36.785756 34.585710
73 85 19.070098 17.770586
71 58 57.677782 49.472086
79 14 24.256325 27.462846
79 82 17.151875 14.802716
0 2 5.333905 12.041595
1 9 0.373511 4.123106
1 6 9.143588 9.899495
2 8 4.807841 82.036577
2 7 3.376338 51.244512
3 8 4.819608 6.324555
4 9 7.413591 69.354164
5 8 9.544490 79.605276
6 9 5.878344 6.708204
7 9 2.799445 25.298221
