9 11 47977 767 148 25 0.010000 20
34 60 33.924723 36.600728
68 1 39.407490 44.860353
84 62 0.057316 0.064434
43 75 53.684654 46.467074
39 61 37.425541 31.448128
35 58 1.082082 0.969993
36 66 12.946495 12.173346
66 28 2.264334 2.010358
48 43 6.569045 6.872297
0 5 8.904023 2.236068
0 4 1.634559 5.099020
1 4 0.389299 66.640828
1 2 1.123402 63.063460
2 8 4.076566 40.706265
2 4 2.127532 45.011110
3 8 7.954256 32.388269
3 5 3.233565 18.788294
4 7 1.833904 42.638011
5 7 2.622002 43.139309
5 6 8.481145 8.062258
