9 11 29320 2440 90 8 0.001000 20
34 60 33.652517 32.712256
68 1 10.594634 10.713726
84 62 44.264148 45.029503
43 75 2.481305 2.412744
39 61 11.027185 11.796519
35 58 19.578317 18.745839
36 66 52.788211 45.769960
66 28 28.893680 28.032866
48 43 7.283114 6.913882
0 5 21.490346 2.236068
0 4 21.018500 5.099020
1 4 17.556402 66.640828
1 2 23.706499 63.063460
2 8 24.240836 40.706265
2 4 15.411485 45.011110
3 8 21.361930 32.388269
3 5 16.544546 18.788294
4 7 17.441690 42.638011
5 7 19.014219 43.139309
5 6 17.719044 8.062258
