10 10 2750 301 96 5 0.001000 20
13 81 30.909194 31.588491
80 78 0.841086 0.951937
22 73 2.269660 2.518728
85 16 13.561385 13.924248
50 19 19.350147 17.321554
8 50 48.227720 49.423806
73 85 34.563685 39.786932
71 58 35.102221 42.553054
79 14 2.956458 3.030338
79 82 19.263896 17.961847
0 2 21.776663 12.041595
1 9 20.047007 4.123106
1 6 18.136763 9.899495
2 8 17.567012 82.036577
2 7 22.506731 51.244512
3 8 23.370088 6.324555
4 9 20.744609 69.354164
5 8 15.900312 79.605276
6 9 17.476752 6.708204
7 9 18.820434 25.298221
