9 11 42913 315 146 29 0.010000 20
34 60 21.233321 20.005630
68 1 29.988588 34.098539
84 62 22.529235 24.499624
43 75 4.900683 4.135134
39 61 40.716645 39.404621
35 58 3.937040 4.594043
36 66 46.258252 43.737254
66 28 27.996933 27.042521
48 43 6.393855 5.823578
0 5 4.949337 2.236068
0 4 8.543488 5.099020
1 4 4.475481 66.640828
1 2 5.419132 63.063460
2 8 9.305161 40.706265
2 4 7.798457 45.011110
3 8 4.556988 32.388269
3 5 7.542218 18.788294
4 7 6.422864 42.638011
5 7 4.080558 43.139309
5 6 9.001829 8.062258
