9 11 35117 1456 999 998 1.000000 20
34 60 6.176338 5.691315
68 1 13.552163 12.621138
84 62 46.192492 40.618597
43 75 12.348055 11.222165
39 61 36.351286 40.538462
35 58 40.128057 40.957996
36 66 8.910273 8.983381
66 28 19.587539 19.442934
48 43 23.300071 29.014644
0 5 44.901744 2.236068
0 4 48.763812 5.099020
1 4 47.858804 66.640828
1 2 43.662779 63.063460
2 8 46.810481 40.706265
2 4 48.710640 45.011110
3 8 43.346112 32.388269
3 5 49.496756 18.788294
4 7 41.097727 42.638011
5 7 49.942011 43.139309
5 6 49.823953 8.062258
