9 11 50137 1545 99 7 0.001000 20
34 60 46.138485 47.539061
68 1 31.128353 33.539161
84 62 9.951042 8.870272
43 75 24.221963 27.915838
39 61 5.759708 4.821415
35 58 32.980580 33.355073
36 66 22.971168 28.322677
66 28 12.535876 11.223165
48 43 28.353474 30.094221
0 5 19.595087 2.236068
0 4 19.422881 5.099020
1 4 21.671818 66.640828
1 2 17.439625 63.063460
2 8 23.032878 40.706265
2 4 18.974083 45.011110
3 8 20.284037 32.388269
3 5 24.190306 18.788294
4 7 22.566259 42.638011
5 7 21.462459 43.139309
5 6 23.156096 8.062258
