10 10 29640 1475 90 7 0.001000 20
13 81 8.652450 7.643847
80 78 25.656633 30.679932
22 73 28.846418 27.890306
85 16 21.680917 20.415934
50 19 40.241460 33.745286
8 50 31.792546 33.223125
73 85 14.024589 15.233140
71 58 1.082548 0.946265
79 14 46.486439 47.708985
79 82 31.633985 37.183772
0 2 17.334475 12.041595
1 9 24.036946 4.123106
1 6 22.874175 9.899495
2 8 22.749550 82.036577
2 7 19.604694 51.244512
3 8 23.174286 6.324555
4 9 22.064533 69.354164
5 8 24.520640 79.605276
6 9 21.017515 6.708204
7 9 15.840851 25.298221
