10 10 46060 654 194 46 0.010000 20
13 81 13.581125 14.279386
80 78 27.359808 29.575838
22 73 12.620411 14.085052
85 16 51.226947 49.354970
50 19 45.719147 38.488342
8 50 33.445134 29.226510
73 85 43.319514 45.070980
71 58 32.130935 35.813246
79 14 50.678880 44.554602
79 82 34.887068 33.564535
0 2 44.733684 12.041595
1 9 40.632236 4.123106
1 6 40.890609 9.899495
2 8 38.096809 82.036577
2 7 43.160184 51.244512
3 8 40.190632 6.324555
4 9 36.484465 69.354164
5 8 41.084401 79.605276
6 9 35.296276 6.708204
7 9 39.704618 25.298221
