10 10 31693 1019 41 8 0.001000 20
13 81 52.715690 46.135558
80 78 25.244251 26.547139
22 73 8.534916 7.664608
85 16 42.726706 37.164733
50 19 4.035989 4.034293
8 50 54.691918 48.563275
73 85 25.564614 21.982892
71 58 34.561993 36.335574
79 14 6.691700 6.743608
79 82 18.546959 18.859532
0 2 6.364535 12.041595
1 9 7.101405 4.123106
1 6 2.743794 9.899495
2 8 0.566988 82.036577
2 7 2.855992 51.244512
3 8 5.354828 6.324555
4 9 8.094177 69.354164
5 8 3.619038 79.605276
6 9 0.923743 6.708204
7 9 2.857426 25.298221
