10 10 3950 293 996 995 1.000000 20
13 81 27.217048 23.531556
80 78 15.946067 17.892066
22 73 29.133714 25.274596
85 16 31.760294 31.565435
50 19 15.722326 15.689858
8 50 33.595741 30.840414
73 85 35.616492 36.463156
71 58 40.908752 46.456893
79 14 22.515373 20.301691
79 82 5.786455 6.172246
0 2 8.065772 12.041595
1 9 4.628943 4.123106
1 6 3.204800 9.899495
2 8 6.108128 82.036577
2 7 2.819674 51.244512
3 8 7.004685 6.324555
4 9 8.710362 69.354164
5 8 0.714975 79.605276
6 9 1.151038 6.708204
7 9 4.489761 25.298221
