10 10 47818 423 147 25 0.010000 20
13 81 2.266481 2.820724
80 78 13.319426 12.797031
22 73 30.331381 34.977264
85 16 36.530530 35.624023
50 19 36.525421 36.506593
8 50 1.594379 1.377664
73 85 40.754946 49.109129
71 58 24.794284 21.044716
79 14 19.343919 18.083705
79 82 8.479230 8.998228
0 2 3.103599 12.041595
1 9 4.749226 4.123106
1 6 6.357724 9.899495
2 8 9.311214 82.036577
2 7 0.630970 51.244512
3 8 4.187177 6.324555
4 9 5.417171 69.354164
5 8 9.566570 79.605276
6 9 9.995462 6.708204
7 9 3.115865 25.298221
