10 10 476 748 144 25 0.010000 20
13 81 13.969583 13.074527
80 78 6.279013 5.268995
22 73 48.295659 46.976806
85 16 26.531431 22.894359
50 19 27.656664 28.970350
8 50 3.919010 4.246727
73 85 52.470504 46.545430
71 58 11.794530 12.947819
79 14 46.783498 46.982787
79 82 14.026720 14.077107
0 2 6.287132 12.041595
1 9 8.081442 4.123106
1 6 3.071518 9.899495
2 8 5.632886 82.036577
2 7 2.751009 51.244512
3 8 9.285451 6.324555
4 9 1.673899 69.354164
5 8 9.014899 79.605276
6 9 3.176515 6.708204
7 9 4.700074 25.298221
