10 10 43157 2062 994 997 1.000000 20
13 81 41.465161 49.729820
80 78 11.017791 13.517230
22 73 45.320127 38.127851
85 16 6.683935 5.748598
50 19 25.330609 27.014767
8 50 18.972000 19.125982
73 85 14.416195 15.478956
71 58 23.441092 27.777310
79 14 7.267830 6.192325
79 82 15.966364 13.715440
0 2 41.282005 12.041595
1 9 43.163986 4.123106
1 6 41.481160 9.899495
2 8 42.053628 82.036577
2 7 48.607121 51.244512
3 8 45.286066 6.324555
4 9 48.653675 69.354164
5 8 48.528850 79.605276
6 9 41.101626 6.708204
7 9 48.244044 25.298221
