9 11 2775 343 993 997 1.000000 20
34 60 42.292636 47.762633
68 1 29.725907 26.061418
84 62 38.832742 37.940605
43 75 40.854544 38.539074
39 61 8.536149 7.906236
35 58 37.755840 35.425467
36 66 20.929718 20.175513
66 28 12.956526 11.366182
48 43 44.414949 40.832385
0 5 4.530990 2.236068
0 4 6.516292 5.099020
1 4 1.940490 66.640828
1 2 4.277357 63.063460
2 8 1.003462 40.706265
2 4 4.389191 45.011110
3 8 8.914533 32.388269
3 5 1.239877 18.788294
4 7 4.829708 42.638011
5 7 1.835143 43.139309
5 6 9.158551 8.062258
