9 11 44692 445 196 48 0.010000 20
34 60 38.171086 44.641985
68 1 39.335107 47.628855
84 62 5.785262 6.122527
43 75 29.699544 25.690580
39 61 34.037469 39.401928
35 58 5.917496 6.088472
36 66 39.831689 43.845402
66 28 44.998369 43.773201
48 43 16.983295 15.956775
0 5 39.979052 2.236068
0 4 39.064808 5.099020
1 4 42.036036 66.640828
1 2 44.297239 63.063460
2 8 44.825738 40.706265
2 4 41.236596 45.011110
3 8 37.873718 32.388269
3 5 44.152830 18.788294
4 7 37.005056 42.638011
5 7 39.962241 43.139309
5 6 41.748371 8.062258
