10 10 30227 374 994 996 1.000000 20
13 81 38.453780 43.511761
80 78 32.480162 28.797502
22 73 33.292444 32.046263
85 16 5.643060 6.826753
50 19 44.441871 46.208365
8 50 19.413935 21.630501
73 85 5.172334 6.416099
71 58 20.878256 18.810783
79 14 13.298651 13.110687
79 82 33.090623 31.660624
0 2 48.191747 12.041595
1 9 44.533582 4.123106
1 6 47.903139 9.899495
2 8 43.895032 82.036577
2 7 40.684546 51.244512
3 8 45.256685 6.324555
4 9 49.379323 69.354164
5 8 43.633803 79.605276
6 9 40.830084 6.708204
7 9 42.179306 25.298221
