10 10 36514 266 47 6 0.001000 20
13 81 13.830994 14.574507
80 78 32.987182 35.873093
22 73 18.647862 21.373260
85 16 36.019951 42.705069
50 19 14.978190 14.691565
8 50 21.123716 20.891225
73 85 21.331324 22.917488
71 58 3.759917 3.546821
79 14 0.318370 0.266025
79 82 38.708773 33.479008
0 2 9.052694 12.041595
1 9 4.241025 4.123106
1 6 8.817359 9.899495
2 8 6.566659 82.036577
2 7 3.347614 51.244512
3 8 6.826541 6.324555
4 9 7.218863 69.354164
5 8 5.865433 79.605276
6 9 1.349885 6.708204
7 9 2.077068 25.298221
