9 11 36685 411 140 26 0.010000 20
34 60 21.925580 22.591522
68 1 24.970794 29.602782
84 62 2.206252 1.932438
43 75 44.642641 45.523146
39 61 40.778711 48.143313
35 58 51.778758 45.092881
36 66 15.476848 13.005592
66 28 29.983033 25.129248
48 43 18.430841 17.702230
0 5 1.068980 2.236068
0 4 3.305971 5.099020
1 4 4.690088 66.640828
1 2 6.269007 63.063460
2 8 5.852418 40.706265
2 4 5.646351 45.011110
3 8 2.606280 32.388269
3 5 7.767280 18.788294
4 7 9.266270 42.638011
5 7 9.907016 43.139309
5 6 0.123963 8.062258
