9 11 26529 662 146 27 0.010000 20
34 60 19.097636 18.978392
68 1 33.407077 29.887208
84 62 19.785768 18.077621
43 75 36.659927 38.102969
39 61 13.796944 11.980142
35 58 54.362345 47.544798
36 66 23.879037 23.836152
66 28 27.578659 30.821197
48 43 11.195029 11.475968
0 5 1.629357 2.236068
0 4 1.350261 5.099020
1 4 9.111224 66.640828
1 2 4.765449 63.063460
2 8 8.238174 40.706265
2 4 7.317292 45.011110
3 8 1.669180 32.388269
3 5 2.133490 18.788294
4 7 3.495527 42.638011
5 7 7.859063 43.139309
5 6 3.258401 8.062258
