10 10 35323 316 191 47 0.010000 20
13 81 47.850255 41.342933
80 78 31.038175 31.293471
22 73 39.844325 44.882327
85 16 2.254549 2.044906
50 19 21.009833 25.198093
8 50 23.258435 20.995210
73 85 14.070779 12.687000
71 58 24.514144 23.381825
79 14 5.167860 6.276499
79 82 0.304784 0.369384
0 2 44.526634 12.041595
1 9 37.312019 4.123106
1 6 35.913196 9.899495
2 8 35.016048 82.036577
2 7 43.720813 51.244512
3 8 41.410743 6.324555
4 9 41.949832 69.354164
5 8 38.174633 79.605276
6 9 40.913784 6.708204
7 9 41.696617 25.298221
