9 11 44179 924 47 9 0.001000 20
34 60 30.170934 27.587848
68 1 8.598291 8.805595
84 62 13.169733 15.508361
43 75 1.818490 2.209778
39 61 32.257209 35.051625
35 58 33.374552 29.612134
36 66 27.758552 30.397975
66 28 14.719932 12.750475
48 43 33.787854 30.966919
0 5 9.080120 2.236068
0 4 1.432498 5.099020
1 4 9.806116 66.640828
1 2 5.716153 63.063460
2 8 1.062911 40.706265
2 4 2.850075 45.011110
3 8 8.722212 32.388269
3 5 9.409472 18.788294
4 7 1.989424 42.638011
5 7 5.636187 43.139309
5 6 9.512852 8.062258
