10 10 43736 1121 148 28 0.010000 20
13 81 5.247747 5.776048
80 78 37.884604 46.898831
22 73 33.625893 32.141987
85 16 44.763802 46.637064
50 19 6.859024 6.903199
8 50 20.633312 18.809143
73 85 23.290580 26.356538
71 58 15.064997 18.430647
79 14 51.016372 44.108565
79 82 23.651998 21.641145
0 2 3.227405 12.041595
1 9 7.769340 4.123106
1 6 4.625043 9.899495
2 8 8.707886 82.036577
2 7 2.472341 51.244512
3 8 7.662728 6.324555
4 9 4.740233 69.354164
5 8 4.671696 79.605276
6 9 5.667177 6.708204
7 9 2.757832 25.298221
