10 10 31367 1578 140 26 0.010000 20
13 81 32.983141 36.117205
80 78 41.966321 36.976137
22 73 35.325044 31.660008
85 16 41.935228 41.404462
50 19 13.575865 12.298047
8 50 13.157678 13.993462
73 85 36.140980 38.233501
71 58 26.877586 33.044334
79 14 15.035281 17.133332
79 82 14.930506 13.387171
0 2 0.552490 12.041595
1 9 2.154507 4.123106
1 6 8.803013 9.899495
2 8 2.801754 82.036577
2 7 2.448371 51.244512
3 8 6.096594 6.324555
4 9 7.356707 69.354164
5 8 0.157406 79.605276
6 9 8.442412 6.708204
7 9 2.417100 25.298221
