10 10 34847 798 99 6 0.001000 20
13 81 8.062638 10.025966
80 78 20.306131 21.529127
22 73 38.062912 44.206015
85 16 22.112278 24.323847
50 19 24.317524 20.725076
8 50 48.088024 40.913387
73 85 1.178611 1.008717
71 58 11.892298 12.384683
79 14 1.675373 1.603753
79 82 10.125893 9.419059
0 2 20.261965 12.041595
1 9 20.973418 4.123106
1 6 24.688482 9.899495
2 8 19.077140 82.036577
2 7 15.381202 51.244512
3 8 17.951323 6.324555
4 9 19.201918 69.354164
5 8 20.583497 79.605276
6 9 20.309439 6.708204
7 9 21.997097 25.298221
