9 11 35764 382 144 27 0.010000 20
34 60 47.632370 44.677880
68 1 28.775352 24.986918
84 62 43.788777 36.748954
43 75 19.777442 21.363647
39 61 8.557110 8.436328
35 58 18.464992 17.002844
36 66 13.462426 15.683558
66 28 35.951462 44.067107
48 43 48.056016 43.891145
0 5 8.509075 2.236068
0 4 8.222774 5.099020
1 4 5.299369 66.640828
1 2 2.318113 63.063460
2 8 4.614308 40.706265
2 4 5.728427 45.011110
3 8 7.623442 32.388269
3 5 6.731677 18.788294
4 7 5.785475 42.638011
5 7 8.962006 43.139309
5 6 8.880973 8.062258
