10 10 38073 1199 195 47 0.010000 20
13 81 2.175765 2.573863
80 78 51.736828 43.648443
22 73 28.026095 33.652311
85 16 49.200532 42.901485
50 19 17.674643 17.343834
8 50 35.091223 32.676222
73 85 34.756521 34.661011
71 58 24.235944 20.735015
79 14 12.024953 10.357825
79 82 0.383050 0.347145
0 2 39.609376 12.041595
1 9 41.781870 4.123106
1 6 38.499250 9.899495
2 8 35.667350 82.036577
2 7 41.472132 51.244512
3 8 36.478178 6.324555
4 9 44.220714 69.354164
5 8 36.653110 79.605276
6 9 35.367961 6.708204
7 9 38.019764 25.298221
