9 11 38585 538 44 9 0.001000 20
34 60 21.346917 22.530816
68 1 43.688420 44.929798
84 62 3.735507 3.441129
43 75 17.965931 16.166707
39 61 31.033000 36.693633
35 58 53.604546 45.517401
36 66 49.886952 42.520863
66 28 44.334670 49.915991
48 43 33.968084 32.723193
0 5 5.609461 2.236068
0 4 4.926335 5.099020
1 4 2.610260 66.640828
1 2 4.872051 63.063460
2 8 7.393306 40.706265
2 4 5.670844 45.011110
3 8 7.130747 32.388269
3 5 5.686541 18.788294
4 7 0.025552 42.638011
5 7 6.713739 43.139309
5 6 2.153773 8.062258
