10 10 42379 1184 191 46 0.010000 20
13 81 24.865694 27.403585
80 78 4.779390 5.397783
22 73 35.880281 31.874942
85 16 27.428083 28.879480
50 19 7.111730 6.908983
8 50 54.044712 48.831821
73 85 29.131581 26.194430
71 58 8.716366 10.100313
79 14 35.883969 43.160962
79 82 2.383690 2.192971
0 2 36.578670 12.041595
1 9 39.637350 4.123106
1 6 42.552659 9.899495
2 8 39.258261 82.036577
2 7 35.647635 51.244512
3 8 40.194829 6.324555
4 9 42.889939 69.354164
5 8 44.906534 79.605276
6 9 40.778354 6.708204
7 9 39.846346 25.298221
