10 10 3275 1683 994 996 1.000000 20
13 81 26.499629 27.020902
80 78 2.585813 2.725013
22 73 1.262772 1.128483
85 16 25.446904 31.434395
50 19 39.857538 45.834783
8 50 3.214510 2.888954
73 85 34.628958 32.574866
71 58 29.576077 26.745722
79 14 28.836640 32.278509
79 82 10.135490 11.973808
0 2 45.548626 12.041595
1 9 49.879656 4.123106
1 6 43.668932 9.899495
2 8 47.580451 82.036577
2 7 43.193203 51.244512
3 8 42.787478 6.324555
4 9 47.272154 69.354164
5 8 44.073046 79.605276
6 9 42.940193 6.708204
7 9 49.977879 25.298221
