10 10 2675 1322 147 26 0.010000 20
13 81 10.443278 12.075554
80 78 33.904154 33.184965
22 73 24.998687 26.183514
85 16 33.340703 29.832305
50 19 9.997954 10.789409
8 50 33.807723 38.001140
73 85 25.142616 22.619307
71 58 10.402458 11.833320
79 14 24.411379 29.314986
79 82 0.552482 0.497859
0 2 5.502234 12.041595
1 9 3.587090 4.123106
1 6 8.683557 9.899495
2 8 7.197054 82.036577
2 7 4.749087 51.244512
3 8 6.148710 6.324555
4 9 8.629885 69.354164
5 8 5.008802 79.605276
6 9 2.571029 6.708204
7 9 7.290666 25.298221
