9 11 38926 1174 47 7 0.001000 20
34 60 40.441642 41.046491
68 1 35.253515 39.296378
84 62 20.046564 17.068742
43 75 8.388148 8.076867
39 61 23.180162 25.611176
35 58 31.005699 37.632705
36 66 38.111233 32.215599
66 28 16.503940 20.176908
48 43 7.749107 7.080623
0 5 4.575910 2.236068
0 4 0.524613 5.099020
1 4 3.342623 66.640828
1 2 3.987699 63.063460
2 8 6.025010 40.706265
2 4 6.163184 45.011110
3 8 1.276313 32.388269
3 5 5.536917 18.788294
4 7 0.729321 42.638011
5 7 2.621912 43.139309
5 6 6.956895 8.062258
