9 11 26549 1011 98 9 0.001000 20
34 60 6.086073 6.542328
68 1 10.876181 9.255353
84 62 41.310637 38.213516
43 75 16.838899 17.926052
39 61 54.158171 49.208373
35 58 20.070427 19.719881
36 66 29.296263 32.365689
66 28 28.624721 25.258055
48 43 23.268448 20.635697
0 5 16.465368 2.236068
0 4 15.665701 5.099020
1 4 15.184811 66.640828
1 2 15.805551 63.063460
2 8 24.141045 40.706265
2 4 23.642982 45.011110
3 8 16.233906 32.388269
3 5 16.894197 18.788294
4 7 17.319258 42.638011
5 7 24.705744 43.139309
5 6 24.381139 8.062258
