10 10 38829 511 999 997 1.000000 20
13 81 45.097277 42.748886
80 78 22.652148 21.283407
22 73 9.486376 10.790589
85 16 27.150262 24.002865
50 19 25.032448 23.631194
8 50 6.648366 7.041044
73 85 13.495591 15.449020
71 58 17.756750 15.177144
79 14 38.060925 34.232921
79 82 29.144470 35.176647
0 2 43.019874 12.041595
1 9 48.807943 4.123106
1 6 42.362760 9.899495
2 8 45.636588 82.036577
2 7 41.911630 51.244512
3 8 49.714234 6.324555
4 9 42.188510 69.354164
5 8 48.538032 79.605276
6 9 42.229355 6.708204
7 9 43.371481 25.298221
