10 10 31959 1218 149 26 0.010000 20
13 81 4.596288 4.823668
80 78 16.388969 18.217744
22 73 9.326000 8.129663
85 16 29.511022 34.528833
50 19 2.632811 3.196962
8 50 46.701983 47.412733
73 85 14.227114 17.770317
71 58 50.398427 46.570124
79 14 5.049918 5.428812
79 82 0.081800 0.071685
0 2 9.087766 12.041595
1 9 2.539406 4.123106
1 6 1.069877 9.899495
2 8 5.658053 82.036577
2 7 2.005062 51.244512
3 8 1.055557 6.324555
4 9 9.051628 69.354164
5 8 8.980500 79.605276
6 9 3.662539 6.708204
7 9 4.491105 25.298221
