10 10 49702 331 98 5 0.001000 20
13 81 57.890074 49.401174
80 78 36.927184 36.201047
22 73 41.112605 38.951509
85 16 18.683304 22.236500
50 19 33.266954 31.431975
8 50 2.036611 1.728046
73 85 16.274866 19.750688
71 58 38.264508 37.414486
79 14 1.887272 1.851254
79 82 5.140852 5.078653
0 2 18.702562 12.041595
1 9 20.207491 4.123106
1 6 22.665253 9.899495
2 8 20.976649 82.036577
2 7 16.870198 51.244512
3 8 21.873377 6.324555
4 9 24.410770 69.354164
5 8 16.244842 79.605276
6 9 22.145503 6.708204
7 9 24.635774 25.298221
