10 10 40909 347 990 999 1.000000 20
13 81 34.271521 30.830787
80 78 7.182837 6.146353
22 73 17.525374 15.900804
85 16 12.187089 10.258314
50 19 43.258511 40.291545
8 50 12.636208 12.262304
73 85 42.180765 48.377921
71 58 25.582658 23.217174
79 14 47.240752 43.893895
79 82 9.964471 8.494604
0 2 40.225469 12.041595
1 9 43.428433 4.123106
1 6 45.113263 9.899495
2 8 49.597644 82.036577
2 7 44.044920 51.244512
3 8 44.690197 6.324555
4 9 46.586027 69.354164
5 8 49.371690 79.605276
6 9 43.283898 6.708204
7 9 49.499588 25.298221
