9 11 40345 552 197 46 0.010000 20
34 60 2.219720 2.062576
68 1 16.849098 15.684340
84 62 21.065299 24.894576
43 75 31.184180 34.767363
39 61 5.946289 7.345211
35 58 39.395996 44.126888
36 66 32.625857 27.857479
66 28 4.491898 5.383778
48 43 48.179917 47.222150
0 5 44.025239 2.236068
0 4 35.532828 5.099020
1 4 44.559376 66.640828
1 2 41.563770 63.063460
2 8 41.235866 40.706265
2 4 40.967299 45.011110
3 8 40.493336 32.388269
3 5 42.058514 18.788294
4 7 43.709245 42.638011
5 7 40.595439 43.139309
5 6 41.802126 8.062258
