9 11 5000 579 48 9 0.001000 20
34 60 55.379446 48.860923
68 1 13.960412 15.659351
84 62 45.787828 39.591168
43 75 47.883877 48.389692
39 61 45.047818 38.880089
35 58 21.557753 24.676074
36 66 3.919877 4.156871
66 28 25.225388 28.341759
48 43 16.822097 15.885089
0 5 9.956744 2.236068
0 4 2.004364 5.099020
1 4 8.453696 66.640828
1 2 2.293144 63.063460
2 8 1.286645 40.706265
2 4 3.524934 45.011110
3 8 7.171244 32.388269
3 5 4.897942 18.788294
4 7 1.117060 42.638011
5 7 8.878187 43.139309
5 6 6.096597 8.062258
