9 11 48894 1320 44 6 0.001000 20
34 60 1.989309 2.335203
68 1 25.563065 29.148858
84 62 33.472414 39.696479
43 75 19.052977 17.816801
39 61 28.258151 32.237355
35 58 23.422937 25.715279
36 66 3.811313 3.595573
66 28 21.007192 21.351156
48 43 42.726109 39.855107
0 5 6.037253 2.236068
0 4 9.767816 5.099020
1 4 4.678671 66.640828
1 2 4.123951 63.063460
2 8 7.780944 40.706265
2 4 4.293747 45.011110
3 8 3.089140 32.388269
3 5 6.501392 18.788294
4 7 0.987594 42.638011
5 7 0.636150 43.139309
5 6 8.727106 8.062258
