10 10 45813 1663 194 45 0.010000 20
13 81 42.609826 42.312113
80 78 9.905581 9.087849
22 73 44.163330 43.632820
85 16 31.299510 33.246319
50 19 35.510492 36.317189
8 50 22.461492 21.152813
73 85 5.991342 5.645595
71 58 1.249618 1.445202
79 14 16.303626 13.794111
79 82 51.713203 44.521314
0 2 37.888561 12.041595
1 9 41.801833 4.123106
1 6 39.095013 9.899495
2 8 35.737155 82.036577
2 7 43.690730 51.244512
3 8 36.470486 6.324555
4 9 44.377128 69.354164
5 8 39.424731 79.605276
6 9 38.644146 6.708204
7 9 40.761405 25.298221
