10 10 30636 579 46 7 0.001000 20
13 81 37.555351 34.188496
80 78 5.325039 5.544861
22 73 23.721914 20.899158
85 16 11.870472 12.088657
50 19 42.430539 37.228183
8 50 30.121880 33.679564
73 85 36.433102 45.359441
71 58 8.719135 10.329524
79 14 22.871646 26.252949
79 82 2.881327 2.841966
0 2 4.342415 12.041595
1 9 2.046741 4.123106
1 6 0.019043 9.899495
2 8 3.518143 82.036577
2 7 6.007576 51.244512
3 8 7.579787 6.324555
4 9 3.452417 69.354164
5 8 8.197203 79.605276
6 9 6.325981 6.708204
7 9 4.651926 25.298221
