10 10 5457 272 192 48 0.010000 20
13 81 32.191621 29.201099
80 78 14.090589 14.349072
22 73 0.443464 0.484431
85 16 24.622322 26.810408
50 19 25.319375 22.430541
8 50 23.626053 28.032086
73 85 0.038740 0.039554
71 58 43.565828 42.106961
79 14 11.986831 10.749598
79 82 36.459300 39.061001
0 2 35.235246 12.041595
1 9 40.211369 4.123106
1 6 40.501631 9.899495
2 8 38.689433 82.036577
2 7 37.888338 51.244512
3 8 44.952106 6.324555
4 9 38.593178 69.354164
5 8 38.408249 79.605276
6 9 36.558615 6.708204
7 9 36.795634 25.298221
