9 11 31612 293 43 5 0.001000 20
34 60 0.732599 0.648742
68 1 15.392297 16.971684
84 62 51.976655 48.054603
43 75 42.596523 44.906384
39 61 10.126274 10.130183
35 58 19.925122 17.938349
36 66 3.382485 3.767010
66 28 23.884471 25.394523
48 43 38.141745 45.882639
0 5 2.059674 2.236068
0 4 0.817444 5.099020
1 4 8.099127 66.640828
1 2 1.218508 63.063460
2 8 8.046472 40.706265
2 4 0.812991 45.011110
3 8 7.275887 32.388269
3 5 0.350700 18.788294
4 7 9.537891 42.638011
5 7 6.060781 43.139309
5 6 3.902725 8.062258
