9 11 35382 1314 194 45 0.010000 20
34 60 21.785828 21.984920
68 1 38.895690 33.963650
84 62 30.116810 31.121287
43 75 2.635250 3.150568
39 61 1.158250 1.263810
35 58 52.030239 49.039256
36 66 2.354256 2.018626
66 28 14.385267 16.642801
48 43 2.697809 2.943722
0 5 37.454913 2.236068
0 4 42.319202 5.099020
1 4 37.160579 66.640828
1 2 44.851238 63.063460
2 8 41.557107 40.706265
2 4 36.839305 45.011110
3 8 35.451632 32.388269
3 5 42.548008 18.788294
4 7 35.323193 42.638011
5 7 39.330467 43.139309
5 6 41.969891 8.062258
