9 11 50172 694 147 29 0.010000 20
34 60 24.077792 29.299592
68 1 27.764543 24.376094
84 62 3.258804 2.963670
43 75 21.221133 23.193611
39 61 11.791486 14.189784
35 58 3.678157 4.437884
36 66 15.164571 16.368505
66 28 8.232283 9.978455
48 43 15.885920 14.552352
0 5 6.399110 2.236068
0 4 7.124318 5.099020
1 4 7.505220 66.640828
1 2 0.809089 63.063460
2 8 2.876372 40.706265
2 4 8.694746 45.011110
3 8 9.963934 32.388269
3 5 9.197290 18.788294
4 7 3.525804 42.638011
5 7 6.297786 43.139309
5 6 2.115236 8.062258
