9 11 41916 833 144 29 0.010000 20
34 60 37.683258 36.440496
68 1 10.951856 11.307155
84 62 36.421742 33.994477
43 75 44.038457 38.437122
39 61 9.367963 9.563087
35 58 32.971985 40.420795
36 66 42.389105 47.678906
66 28 32.755265 38.978345
48 43 9.085059 7.643947
0 5 7.892583 2.236068
0 4 6.265680 5.099020
1 4 7.309537 66.640828
1 2 3.369715 63.063460
2 8 7.297321 40.706265
2 4 6.523492 45.011110
3 8 9.932909 32.388269
3 5 9.226499 18.788294
4 7 0.942982 42.638011
5 7 5.334724 43.139309
5 6 4.772354 8.062258
