10 10 36828 612 198 48 0.010000 20
13 81 38.240343 33.715399
80 78 47.172694 40.259497
22 73 6.745202 7.393987
85 16 37.255274 46.449693
50 19 40.320947 36.033854
8 50 21.721614 19.754088
73 85 34.503760 41.476310
71 58 35.940760 32.031871
79 14 20.090590 21.458099
79 82 45.300184 46.007764
0 2 43.073902 12.041595
1 9 40.261832 4.123106
1 6 39.969108 9.899495
2 8 41.591196 82.036577
2 7 35.457085 51.244512
3 8 39.327520 6.324555
4 9 37.482871 69.354164
5 8 44.332304 79.605276
6 9 37.375686 6.708204
7 9 42.267661 25.298221
