9 11 33687 1808 198 46 0.010000 20
34 60 18.891802 21.385605
68 1 44.437961 49.347993
84 62 57.457671 48.098771
43 75 9.066346 11.321350
39 61 3.507889 3.201346
35 58 17.051352 20.160415
36 66 23.447751 28.762243
66 28 42.886679 36.503676
48 43 54.049473 48.685438
0 5 41.112654 2.236068
0 4 35.440028 5.099020
1 4 40.485367 66.640828
1 2 37.564585 63.063460
2 8 42.494634 40.706265
2 4 36.027752 45.011110
3 8 39.170539 32.388269
3 5 35.643893 18.788294
4 7 39.666777 42.638011
5 7 42.692292 43.139309
5 6 41.263165 8.062258
