10 10 4793 544 196 45 0.010000 20
13 81 29.657335 29.549659
80 78 11.148459 9.425892
22 73 46.670575 45.694032
85 16 21.089845 23.851678
50 19 44.969788 47.819344
8 50 14.784176 14.281812
73 85 24.162308 23.231697
71 58 52.759310 44.742933
79 14 34.594683 37.925777
79 82 22.523460 24.855253
0 2 36.403121 12.041595
1 9 42.501412 4.123106
1 6 37.859408 9.899495
2 8 44.573919 82.036577
2 7 42.255348 51.244512
3 8 41.752964 6.324555
4 9 40.795260 69.354164
5 8 42.701776 79.605276
6 9 35.986723 6.708204
7 9 38.908147 25.298221
