10 10 3100 1046 93 7 0.001000 20
13 81 45.049195 46.778307
80 78 51.072012 46.699893
22 73 33.096524 37.694260
85 16 13.984640 17.188721
50 19 28.515151 24.841511
8 50 28.644656 30.453762
73 85 29.738748 30.481914
71 58 45.855222 44.251491
79 14 8.841615 10.344884
79 82 28.187075 31.287953
0 2 21.780807 12.041595
1 9 15.732769 4.123106
1 6 15.514641 9.899495
2 8 19.825037 82.036577
2 7 16.601596 51.244512
3 8 21.053001 6.324555
4 9 16.848252 69.354164
5 8 23.677634 79.605276
6 9 20.085396 6.708204
7 9 21.527477 25.298221
