9 11 43684 1886 197 45 0.010000 20
34 60 3.011574 3.064164
68 1 45.778204 49.265367
84 62 0.839508 0.727323
43 75 32.945560 38.263181
39 61 26.138723 29.949933
35 58 38.783108 33.873870
36 66 7.343084 8.509677
66 28 42.882971 41.417443
48 43 20.533523 21.037801
0 5 35.972769 2.236068
0 4 42.961459 5.099020
1 4 39.022864 66.640828
1 2 38.025508 63.063460
2 8 40.232661 40.706265
2 4 39.839152 45.011110
3 8 39.118971 32.388269
3 5 35.923942 18.788294
4 7 37.333131 42.638011
5 7 43.538979 43.139309
5 6 40.835238 8.062258
