10 10 29900 2966 94 7 0.001000 20
13 81 0.750536 0.766441
80 78 28.209803 26.944658
22 73 43.507492 45.739296
85 16 8.818530 7.783669
50 19 13.932514 13.714807
8 50 17.418584 16.229241
73 85 10.584398 11.284777
71 58 42.730742 38.743603
79 14 5.850375 5.063786
79 82 57.416569 49.057270
0 2 21.702325 12.041595
1 9 23.532996 4.123106
1 6 24.079223 9.899495
2 8 21.133938 82.036577
2 7 23.409891 51.244512
3 8 18.042824 6.324555
4 9 24.366277 69.354164
5 8 20.475551 79.605276
6 9 17.813595 6.708204
7 9 18.485304 25.298221
