9 11 42189 278 143 25 0.010000 20
34 60 15.360328 17.188448
68 1 31.861970 28.173356
84 62 17.242291 21.451497
43 75 20.829398 18.324747
39 61 5.495311 6.373627
35 58 29.342203 30.291105
36 66 19.586938 20.758238
66 28 23.022211 26.222523
48 43 26.529477 30.362369
0 5 7.016042 2.236068
0 4 6.876828 5.099020
1 4 8.161830 66.640828
1 2 8.663827 63.063460
2 8 2.488213 40.706265
2 4 7.753627 45.011110
3 8 9.412369 32.388269
3 5 7.576555 18.788294
4 7 0.899490 42.638011
5 7 8.151147 43.139309
5 6 6.839357 8.062258
