9 11 40672 904 94 9 0.001000 20
34 60 3.715311 3.415365
68 1 41.931060 41.092250
84 62 6.301567 6.549062
43 75 27.785534 23.426998
39 61 42.896348 41.560742
35 58 6.506608 5.737375
36 66 1.804810 1.679120
66 28 47.346250 40.079996
48 43 35.396176 42.327739
0 5 16.897324 2.236068
0 4 18.296856 5.099020
1 4 22.876795 66.640828
1 2 15.666040 63.063460
2 8 17.377825 40.706265
2 4 24.913111 45.011110
3 8 22.230395 32.388269
3 5 19.277803 18.788294
4 7 22.340320 42.638011
5 7 24.255129 43.139309
5 6 21.847442 8.062258
