10 10 31061 334 40 7 0.001000 20
13 81 33.878497 37.606856
80 78 35.316196 43.868539
22 73 53.018028 49.618085
85 16 39.830872 37.730922
50 19 40.152286 36.151705
8 50 27.783920 25.372584
73 85 38.308511 36.104853
71 58 11.188593 9.435620
79 14 31.941285 36.216947
79 82 30.207306 33.746085
0 2 3.856968 12.041595
1 9 4.349411 4.123106
1 6 3.881352 9.899495
2 8 4.655184 82.036577
2 7 7.594954 51.244512
3 8 8.057944 6.324555
4 9 4.644418 69.354164
5 8 6.709330 79.605276
6 9 6.301330 6.708204
7 9 9.287184 25.298221
