10 10 28736 1619 93 9 0.001000 20
13 81 14.214972 17.423532
80 78 12.293091 12.686926
22 73 43.531400 40.517917
85 16 27.184920 24.989570
50 19 49.757890 46.015699
8 50 50.593403 49.477387
73 85 38.246126 36.560329
71 58 21.413863 24.062967
79 14 8.563812 7.910238
79 82 28.349468 33.128513
0 2 17.340303 12.041595
1 9 19.169400 4.123106
1 6 18.615183 9.899495
2 8 16.981609 82.036577
2 7 17.632378 51.244512
3 8 15.805261 6.324555
4 9 17.782951 69.354164
5 8 15.851287 79.605276
6 9 20.975909 6.708204
7 9 24.995704 25.298221
