10 10 2725 892 96 8 0.001000 20
13 81 47.211607 49.104459
80 78 5.283239 5.519646
22 73 16.430541 16.694033
85 16 36.799326 39.265351
50 19 24.120267 23.059467
8 50 26.852159 29.407443
73 85 31.852026 30.040438
71 58 9.699545 9.457988
79 14 21.601775 25.958496
79 82 16.656949 15.217012
0 2 23.407518 12.041595
1 9 16.528813 4.123106
1 6 15.905662 9.899495
2 8 23.718816 82.036577
2 7 17.981251 51.244512
3 8 19.035910 6.324555
4 9 17.302603 69.354164
5 8 17.435571 79.605276
6 9 20.089338 6.708204
7 9 22.717076 25.298221
