10 10 37218 495 144 29 0.010000 20
13 81 45.348453 45.766684
80 78 40.755107 35.871207
22 73 39.004028 44.912684
85 16 43.904888 39.718959
50 19 50.414884 47.222642
8 50 24.116916 22.268675
73 85 2.222887 2.215848
71 58 15.288763 12.863184
79 14 10.300411 9.400858
79 82 44.873910 46.727020
0 2 8.378490 12.041595
1 9 6.469920 4.123106
1 6 3.556897 9.899495
2 8 8.956692 82.036577
2 7 0.503743 51.244512
3 8 2.762066 6.324555
4 9 4.352264 69.354164
5 8 1.352882 79.605276
6 9 7.151231 6.708204
7 9 5.089145 25.298221
