10 10 42068 564 49 5 0.001000 20
13 81 33.908865 41.002500
80 78 41.874174 40.388751
22 73 29.501684 30.503321
85 16 34.493260 42.488562
50 19 37.685139 36.906134
8 50 9.904393 11.564186
73 85 14.614429 15.383645
71 58 2.859547 2.448095
79 14 16.843386 18.649643
79 82 29.923864 25.156712
0 2 2.487609 12.041595
1 9 0.467418 4.123106
1 6 5.869018 9.899495
2 8 6.921606 82.036577
2 7 9.606912 51.244512
3 8 6.624854 6.324555
4 9 3.256370 69.354164
5 8 6.190273 79.605276
6 9 0.740566 6.708204
7 9 9.812562 25.298221
