10 10 33708 724 199 45 0.010000 20
13 81 28.460417 26.189479
80 78 55.314822 49.554465
22 73 29.265609 29.081867
85 16 33.249292 33.095934
50 19 54.617542 46.027833
8 50 4.464715 4.646682
73 85 5.804430 5.361325
71 58 34.059663 33.610915
79 14 7.147059 8.260534
79 82 27.583858 33.793172
0 2 38.029065 12.041595
1 9 42.151470 4.123106
1 6 38.857679 9.899495
2 8 43.826570 82.036577
2 7 39.909860 51.244512
3 8 43.416463 6.324555
4 9 43.355600 69.354164
5 8 39.117659 79.605276
6 9 39.091721 6.708204
7 9 40.495219 25.298221
