10 10 38195 912 145 27 0.010000 20
13 81 8.531777 8.678869
80 78 11.207155 9.438242
22 73 40.359496 35.661802
85 16 27.641240 32.582883
50 19 30.582910 30.096133
8 50 0.827712 0.894615
73 85 43.008820 42.300053
71 58 52.350755 45.714092
79 14 11.184547 11.112611
79 82 46.596128 44.675325
0 2 7.125047 12.041595
1 9 3.155017 4.123106
1 6 5.105023 9.899495
2 8 8.154231 82.036577
2 7 0.272500 51.244512
3 8 2.968355 6.324555
4 9 2.527978 69.354164
5 8 5.180565 79.605276
6 9 8.565962 6.708204
7 9 6.180882 25.298221
