9 11 40472 1421 46 7 0.001000 20
34 60 9.953344 9.803645
68 1 1.997082 2.108013
84 62 6.330366 6.089332
43 75 13.370542 15.125690
39 61 6.240593 6.941720
35 58 21.585234 20.929751
36 66 22.631988 21.491808
66 28 4.147049 3.766294
48 43 40.119793 38.825586
0 5 5.747873 2.236068
0 4 1.628191 5.099020
1 4 7.754050 66.640828
1 2 2.816580 63.063460
2 8 7.534040 40.706265
2 4 9.673279 45.011110
3 8 0.778399 32.388269
3 5 6.080053 18.788294
4 7 0.669655 42.638011
5 7 2.112344 43.139309
5 6 2.908735 8.062258
