9 11 44871 382 40 5 0.001000 20
34 60 46.376180 44.041127
68 1 0.666407 0.559071
84 62 19.974806 18.817681
43 75 12.016047 12.361086
39 61 8.167676 7.008889
35 58 43.345825 43.137552
36 66 18.594970 21.539602
66 28 30.166716 37.079974
48 43 12.608118 15.289384
0 5 6.326673 2.236068
0 4 6.168757 5.099020
1 4 3.878709 66.640828
1 2 4.738914 63.063460
2 8 9.539638 40.706265
2 4 6.044135 45.011110
3 8 4.355570 32.388269
3 5 5.592516 18.788294
4 7 4.945532 42.638011
5 7 8.299155 43.139309
5 6 7.600300 8.062258
