9 11 41416 350 991 997 1.000000 20
34 60 23.127727 26.453253
68 1 27.213433 32.898763
84 62 30.632237 28.182878
43 75 41.479403 40.112719
39 61 0.520001 0.452882
35 58 22.311788 24.068514
36 66 24.734383 28.748090
66 28 37.157454 36.967583
48 43 9.364726 10.357530
0 5 5.751046 2.236068
0 4 1.158822 5.099020
1 4 6.269168 66.640828
1 2 9.430308 63.063460
2 8 4.447654 40.706265
2 4 7.529078 45.011110
3 8 8.328346 32.388269
3 5 7.014859 18.788294
4 7 1.347525 42.638011
5 7 0.349244 43.139309
5 6 1.067513 8.062258
