10 10 27463 1744 145 27 0.010000 20
13 81 0.536860 0.629868
80 78 1.946711 1.982426
22 73 29.672578 25.446471
85 16 31.141374 35.102920
50 19 6.524519 7.799809
8 50 16.406698 19.088152
73 85 19.682554 22.445435
71 58 49.162184 41.676510
79 14 31.894250 36.563423
79 82 11.098314 11.233051
0 2 4.914461 12.041595
1 9 7.676003 4.123106
1 6 4.100257 9.899495
2 8 1.778082 82.036577
2 7 1.774187 51.244512
3 8 8.238929 6.324555
4 9 6.750465 69.354164
5 8 8.319195 79.605276
6 9 2.584397 6.708204
7 9 5.750115 25.298221
