9 11 49216 1289 91 8 0.001000 20
34 60 22.333749 26.383976
68 1 26.376886 24.167540
84 62 7.494651 6.286113
43 75 7.690417 7.550355
39 61 7.339524 8.956886
35 58 39.676726 34.916635
36 66 55.441166 47.871480
66 28 14.465008 17.921331
48 43 27.404338 25.043059
0 5 19.429370 2.236068
0 4 15.367125 5.099020
1 4 23.656298 66.640828
1 2 19.095589 63.063460
2 8 24.507167 40.706265
2 4 16.530981 45.011110
3 8 19.895190 32.388269
3 5 19.304562 18.788294
4 7 23.384725 42.638011
5 7 16.026450 43.139309
5 6 20.465359 8.062258
