9 11 36457 952 192 48 0.010000 20
34 60 11.042120 10.477907
68 1 39.951359 37.299451
84 62 20.312468 21.244874
43 75 40.438249 34.167981
39 61 30.920761 26.018816
35 58 9.109950 8.692831
36 66 4.383084 5.450934
66 28 48.047951 46.424095
48 43 8.930263 10.113095
0 5 42.520134 2.236068
0 4 38.124545 5.099020
1 4 42.144749 66.640828
1 2 38.345839 63.063460
2 8 43.998874 40.706265
2 4 41.382011 45.011110
3 8 39.439572 32.388269
3 5 42.097757 18.788294
4 7 43.689052 42.638011
5 7 42.128078 43.139309
5 6 39.126383 8.062258
