9 11 29480 310 40 5 0.001000 20
34 60 44.016918 48.954382
68 1 59.739286 49.931742
84 62 32.494021 32.717765
43 75 46.061281 49.556277
39 61 15.673481 16.998883
35 58 29.592416 25.275263
36 66 33.364260 30.933033
66 28 25.007245 27.835186
48 43 24.394523 23.465912
0 5 2.826577 2.236068
0 4 5.503924 5.099020
1 4 8.389899 66.640828
1 2 0.946195 63.063460
2 8 0.049527 40.706265
2 4 8.301308 45.011110
3 8 0.810776 32.388269
3 5 7.271791 18.788294
4 7 7.822389 42.638011
5 7 0.986214 43.139309
5 6 3.153483 8.062258
