10 10 26470 530 990 995 1.000000 20
13 81 18.509965 22.751815
80 78 33.902077 28.591416
22 73 45.509043 40.271400
85 16 41.416297 34.867132
50 19 34.318303 30.012115
8 50 45.495431 46.048760
73 85 57.178359 48.455900
71 58 6.408033 5.426830
79 14 14.253114 13.777979
79 82 27.670821 27.610823
0 2 7.558183 12.041595
1 9 6.802351 4.123106
1 6 8.296082 9.899495
2 8 4.603077 82.036577
2 7 6.388125 51.244512
3 8 1.224773 6.324555
4 9 7.823018 69.354164
5 8 7.663908 79.605276
6 9 8.802149 6.708204
7 9 3.511172 25.298221
