10 10 31142 1666 142 27 0.010000 20
13 81 34.248209 32.167316
80 78 10.666834 12.264500
22 73 44.182375 44.844109
85 16 38.755681 39.462554
50 19 41.928186 47.861874
8 50 18.947175 23.194644
73 85 7.392235 7.354612
71 58 38.886183 38.856426
79 14 30.436845 37.461456
79 82 0.944809 1.179533
0 2 2.507457 12.041595
1 9 6.038400 4.123106
1 6 8.199871 9.899495
2 8 4.577582 82.036577
2 7 3.676337 51.244512
3 8 2.559115 6.324555
4 9 4.891943 69.354164
5 8 2.841189 79.605276
6 9 9.866831 6.708204
7 9 6.251526 25.298221
