9 11 30590 2418 190 49 0.010000 20
34 60 11.955074 14.040385
68 1 33.807517 34.295336
84 62 43.883303 48.729261
43 75 10.425410 11.592504
39 61 19.994928 18.979171
35 58 40.740099 44.619263
36 66 3.277752 3.236507
66 28 2.193698 1.972951
48 43 31.759408 36.496390
0 5 35.424592 2.236068
0 4 36.816377 5.099020
1 4 43.821556 66.640828
1 2 44.646011 63.063460
2 8 35.212015 40.706265
2 4 35.252355 45.011110
3 8 36.052884 32.388269
3 5 35.911242 18.788294
4 7 35.601337 42.638011
5 7 40.249162 43.139309
5 6 42.464008 8.062258
