9 11 4379 1148 97 9 0.001000 20
34 60 20.794423 20.186257
68 1 42.424491 39.199755
84 62 20.773775 25.337660
43 75 15.553703 19.351754
39 61 10.239990 9.028376
35 58 21.431203 21.104258
36 66 38.236201 40.039847
66 28 18.864962 19.383290
48 43 46.628257 48.171593
0 5 23.841705 2.236068
0 4 19.122677 5.099020
1 4 23.027911 66.640828
1 2 19.375577 63.063460
2 8 19.374881 40.706265
2 4 21.095789 45.011110
3 8 17.889025 32.388269
3 5 22.692938 18.788294
4 7 20.773820 42.638011
5 7 18.017919 43.139309
5 6 18.798597 8.062258
