10 10 26333 1296 198 47 0.010000 20
13 81 18.044332 15.867663
80 78 38.693712 45.777964
22 73 58.817436 49.170663
85 16 54.770736 48.986896
50 19 38.910750 36.602076
8 50 0.702035 0.695807
73 85 22.783918 25.906986
71 58 48.158158 42.414837
79 14 24.246855 20.610098
79 82 39.974785 40.508431
0 2 38.698587 12.041595
1 9 41.895773 4.123106
1 6 36.764557 9.899495
2 8 41.425811 82.036577
2 7 42.197548 51.244512
3 8 35.071289 6.324555
4 9 44.440492 69.354164
5 8 42.694917 79.605276
6 9 40.161087 6.708204
7 9 36.824103 25.298221
