9 11 38268 800 140 29 0.010000 20
34 60 35.723199 34.579746
68 1 50.410284 44.611745
84 62 26.776600 28.262628
43 75 43.267991 40.578331
39 61 48.581777 40.822398
35 58 3.952197 3.772156
36 66 34.897395 35.773088
66 28 1.326331 1.402388
48 43 24.884636 23.250439
0 5 4.506902 2.236068
0 4 4.956557 5.099020
1 4 8.117884 66.640828
1 2 7.061190 63.063460
2 8 0.709308 40.706265
2 4 2.701317 45.011110
3 8 9.991837 32.388269
3 5 9.488686 18.788294
4 7 3.045290 42.638011
5 7 5.101925 43.139309
5 6 9.381505 8.062258
