10 10 31000 1268 199 48 0.010000 20
13 81 13.020954 12.854450
80 78 3.656017 3.966946
22 73 8.637012 7.634610
85 16 43.722524 38.147864
50 19 41.267226 36.136031
8 50 28.578758 29.379127
73 85 25.120279 30.342907
71 58 25.148317 21.230366
79 14 38.874884 32.616903
79 82 23.622287 23.208126
0 2 39.083674 12.041595
1 9 43.275280 4.123106
1 6 36.234940 9.899495
2 8 35.467230 82.036577
2 7 44.288002 51.244512
3 8 41.044984 6.324555
4 9 40.905693 69.354164
5 8 40.353963 79.605276
6 9 42.070402 6.708204
7 9 35.778073 25.298221
