9 11 47931 721 149 27 0.010000 20
34 60 28.289355 31.357576
68 1 14.975484 18.648557
84 62 39.771457 37.309896
43 75 49.213487 41.130870
39 61 20.839231 20.847031
35 58 11.100950 10.264528
36 66 7.569716 6.631831
66 28 46.472101 39.374411
48 43 26.056114 30.357555
0 5 9.841095 2.236068
0 4 5.086053 5.099020
1 4 4.454170 66.640828
1 2 4.022827 63.063460
2 8 7.222535 40.706265
2 4 1.862424 45.011110
3 8 2.451883 32.388269
3 5 6.808153 18.788294
4 7 1.859407 42.638011
5 7 9.757635 43.139309
5 6 6.992117 8.062258
