10 10 27975 971 146 29 0.010000 20
13 81 46.937998 41.526847
80 78 51.912082 48.254970
22 73 3.264935 3.361679
85 16 33.963602 35.665004
50 19 41.417110 43.698399
8 50 45.019927 38.748344
73 85 1.398768 1.247054
71 58 15.023868 12.574663
79 14 42.444540 48.687055
79 82 27.745838 32.413472
0 2 3.243642 12.041595
1 9 0.644796 4.123106
1 6 3.891831 9.899495
2 8 8.677190 82.036577
2 7 5.548853 51.244512
3 8 2.620126 6.324555
4 9 7.817313 69.354164
5 8 0.098274 79.605276
6 9 0.308319 6.708204
7 9 8.416619 25.298221
