9 11 3675 1214 44 9 0.001000 20
34 60 51.649957 45.160426
68 1 37.986524 36.827429
84 62 2.850752 3.040922
43 75 17.352373 18.994100
39 61 56.454500 49.186335
35 58 20.935607 17.909479
36 66 10.880940 10.353499
66 28 19.418997 22.279788
48 43 26.545645 24.099249
0 5 9.561735 2.236068
0 4 2.497507 5.099020
1 4 0.143653 66.640828
1 2 1.686975 63.063460
2 8 1.324717 40.706265
2 4 5.983805 45.011110
3 8 5.599571 32.388269
3 5 0.267178 18.788294
4 7 5.999482 42.638011
5 7 8.972707 43.139309
5 6 5.146195 8.062258
