9 11 48184 352 992 995 1.000000 20
34 60 26.382078 27.954968
68 1 5.921034 5.333759
84 62 14.429734 14.100914
43 75 48.947328 45.104100
39 61 49.932322 42.235968
35 58 9.670737 8.300196
36 66 9.602831 10.950815
66 28 25.781106 26.317010
48 43 44.568485 46.883496
0 5 44.833015 2.236068
0 4 44.636988 5.099020
1 4 49.634344 66.640828
1 2 46.275456 63.063460
2 8 41.887491 40.706265
2 4 47.202252 45.011110
3 8 45.519447 32.388269
3 5 41.338951 18.788294
4 7 45.628618 42.638011
5 7 41.718798 43.139309
5 6 44.509148 8.062258
