9 11 34978 328 140 25 0.010000 20
34 60 33.855149 28.791151
68 1 25.889892 31.368868
84 62 46.784379 42.215851
43 75 23.946358 24.964447
39 61 16.187915 16.884623
35 58 39.689296 45.647629
36 66 24.632957 28.568336
66 28 11.403172 10.658334
48 43 40.406200 37.591213
0 5 0.375496 2.236068
0 4 2.217653 5.099020
1 4 2.162722 66.640828
1 2 3.479687 63.063460
2 8 4.666792 40.706265
2 4 0.492832 45.011110
3 8 8.760086 32.388269
3 5 1.146402 18.788294
4 7 2.005281 42.638011
5 7 1.006552 43.139309
5 6 3.363097 8.062258
