9 11 29720 587 48 5 0.001000 20
34 60 46.370402 45.936617
68 1 44.343844 45.881843
84 62 2.591616 2.660031
43 75 34.036565 36.729959
39 61 41.726622 35.946539
35 58 49.313107 47.425089
36 66 41.191748 44.149417
66 28 8.454285 8.184378
48 43 33.954599 31.933945
0 5 5.667250 2.236068
0 4 2.166502 5.099020
1 4 5.741460 66.640828
1 2 1.539705 63.063460
2 8 2.564224 40.706265
2 4 9.568655 45.011110
3 8 5.039988 32.388269
3 5 5.467060 18.788294
4 7 6.764263 42.638011
5 7 7.629594 43.139309
5 6 3.422829 8.062258
