9 11 44128 1443 196 46 0.010000 20
34 60 12.311719 15.111355
68 1 16.577919 15.831306
84 62 25.039650 24.368115
43 75 53.027212 46.324626
39 61 5.278955 5.401444
35 58 31.127339 38.532475
36 66 41.056184 39.272355
66 28 24.563543 23.856833
48 43 3.219144 3.857841
0 5 41.370177 2.236068
0 4 41.585218 5.099020
1 4 43.181762 66.640828
1 2 38.614170 63.063460
2 8 39.022863 40.706265
2 4 44.462496 45.011110
3 8 38.460176 32.388269
3 5 38.645277 18.788294
4 7 44.858929 42.638011
5 7 36.351817 43.139309
5 6 37.972813 8.062258
