9 11 42413 254 142 25 0.010000 20
34 60 21.241220 19.356040
68 1 16.637980 16.506410
84 62 38.148251 36.898153
43 75 8.123093 7.530521
39 61 24.725180 25.168726
35 58 46.909498 47.468662
36 66 42.893951 43.282073
66 28 3.409085 3.023034
48 43 11.532062 11.971602
0 5 9.468325 2.236068
0 4 0.680417 5.099020
1 4 7.444205 66.640828
1 2 3.724909 63.063460
2 8 9.712923 40.706265
2 4 3.811616 45.011110
3 8 0.779599 32.388269
3 5 6.438158 18.788294
4 7 8.137265 42.638011
5 7 6.418068 43.139309
5 6 2.568983 8.062258
