10 10 29100 1493 147 26 0.010000 20
13 81 25.733626 29.203492
80 78 39.754061 45.788959
22 73 4.245319 4.356846
85 16 14.790783 14.645422
50 19 32.573179 33.276248
8 50 24.349914 24.482040
73 85 17.119789 21.398821
71 58 42.092429 40.125177
79 14 3.888949 3.990931
79 82 1.429004 1.209183
0 2 8.746948 12.041595
1 9 0.834354 4.123106
1 6 9.818212 9.899495
2 8 5.504364 82.036577
2 7 9.293433 51.244512
3 8 5.520677 6.324555
4 9 2.458945 69.354164
5 8 2.848975 79.605276
6 9 0.755098 6.708204
7 9 2.615986 25.298221
