9 11 29700 380 49 9 0.001000 20
34 60 26.881329 28.629765
68 1 33.606809 38.992003
84 62 38.007116 42.871543
43 75 37.370546 38.448071
39 61 45.320327 47.109705
35 58 1.442243 1.388312
36 66 1.462618 1.383523
66 28 43.621201 48.942350
48 43 25.711022 30.953778
0 5 5.152911 2.236068
0 4 7.116373 5.099020
1 4 0.206330 66.640828
1 2 4.161288 63.063460
2 8 8.703108 40.706265
2 4 4.141943 45.011110
3 8 3.000621 32.388269
3 5 4.346197 18.788294
4 7 7.042059 42.638011
5 7 2.674325 43.139309
5 6 9.820562 8.062258
