9 11 49945 1400 992 996 1.000000 20
34 60 23.888657 26.576010
68 1 18.579109 17.265713
84 62 0.408380 0.425496
43 75 21.609894 23.941435
39 61 42.805441 40.062166
35 58 6.077837 5.597694
36 66 3.283852 3.832654
66 28 48.181646 49.802370
48 43 4.440164 4.143028
0 5 3.043051 2.236068
0 4 0.395383 5.099020
1 4 2.469539 66.640828
1 2 1.256921 63.063460
2 8 2.198357 40.706265
2 4 1.114434 45.011110
3 8 9.363357 32.388269
3 5 9.544301 18.788294
4 7 8.979273 42.638011
5 7 8.374379 43.139309
5 6 8.988380 8.062258
