10 10 37125 883 148 29 0.010000 20
13 81 12.716377 14.214412
80 78 37.834528 36.706991
22 73 28.063090 31.253335
85 16 41.368638 48.813153
50 19 34.648220 39.118352
8 50 4.501221 5.244873
73 85 48.352150 40.749419
71 58 42.255907 37.109023
79 14 8.701053 8.618728
79 82 15.363539 15.023543
0 2 3.772327 12.041595
1 9 5.869563 4.123106
1 6 7.773003 9.899495
2 8 3.255579 82.036577
2 7 9.501810 51.244512
3 8 4.145986 6.324555
4 9 8.760411 69.354164
5 8 7.414367 79.605276
6 9 4.983344 6.708204
7 9 4.222305 25.298221
