10 10 33104 445 142 27 0.010000 20
13 81 43.647735 38.180200
80 78 22.835668 24.409573
22 73 37.941062 33.853455
85 16 16.918228 16.788939
50 19 40.659271 45.360468
8 50 29.089067 24.685542
73 85 34.176616 38.837714
71 58 16.820851 17.238401
79 14 29.243304 25.694314
79 82 38.811530 43.011493
0 2 1.998096 12.041595
1 9 1.301606 4.123106
1 6 7.536695 9.899495
2 8 8.739274 82.036577
2 7 4.621860 51.244512
3 8 7.132343 6.324555
4 9 3.145155 69.354164
5 8 0.446156 79.605276
6 9 5.074809 6.708204
7 9 1.566851 25.298221
