9 11 46393 518 42 9 0.001000 20
34 60 43.842163 37.623993
68 1 44.575770 39.511892
84 62 17.905175 15.609494
43 75 36.059177 36.677857
39 61 14.140922 16.721584
35 58 10.164744 11.277746
36 66 8.794344 8.627981
66 28 47.354242 42.148600
48 43 17.891972 18.436194
0 5 5.359181 2.236068
0 4 8.266507 5.099020
1 4 8.060993 66.640828
1 2 9.468232 63.063460
2 8 8.082462 40.706265
2 4 9.035939 45.011110
3 8 4.271678 32.388269
3 5 5.874994 18.788294
4 7 1.203987 42.638011
5 7 6.865634 43.139309
5 6 3.191759 8.062258
