10 10 34565 2362 98 8 0.001000 20
13 81 0.813576 0.870846
80 78 16.548416 16.205136
22 73 19.275617 17.570471
85 16 24.086141 29.042178
50 19 45.099704 46.592068
8 50 27.405943 25.371329
73 85 47.775134 46.060337
71 58 26.024158 25.001482
79 14 33.836480 34.362865
79 82 42.192521 42.069582
0 2 15.897166 12.041595
1 9 22.829903 4.123106
1 6 19.829823 9.899495
2 8 18.334666 82.036577
2 7 15.955110 51.244512
3 8 22.618889 6.324555
4 9 19.681237 69.354164
5 8 22.655306 79.605276
6 9 16.350275 6.708204
7 9 24.637373 25.298221
