10 10 32833 836 143 28 0.010000 20
13 81 19.481380 24.343092
80 78 39.784186 38.829733
22 73 16.823403 14.152698
85 16 24.650979 25.116655
50 19 51.180919 44.862534
8 50 54.212344 45.662770
73 85 50.452108 43.427038
71 58 22.825499 24.276093
79 14 21.111906 20.298207
79 82 52.987604 47.721594
0 2 4.228681 12.041595
1 9 9.944983 4.123106
1 6 9.634075 9.899495
2 8 3.717400 82.036577
2 7 7.639805 51.244512
3 8 1.554182 6.324555
4 9 6.343412 69.354164
5 8 8.424946 79.605276
6 9 4.902736 6.708204
7 9 0.875916 25.298221
