9 11 36342 936 93 6 0.001000 20
34 60 22.922275 28.611255
68 1 3.504023 4.256782
84 62 43.077939 47.815089
43 75 19.127560 17.450480
39 61 14.094654 16.426992
35 58 24.713589 22.728036
36 66 25.443873 29.411612
66 28 30.553830 30.327452
48 43 15.701601 17.625036
0 5 16.793633 2.236068
0 4 17.681719 5.099020
1 4 17.333207 66.640828
1 2 22.649446 63.063460
2 8 22.966036 40.706265
2 4 16.157312 45.011110
3 8 16.262641 32.388269
3 5 24.366450 18.788294
4 7 21.743230 42.638011
5 7 15.544518 43.139309
5 6 18.587833 8.062258
