10 10 33291 768 997 999 1.000000 20
13 81 30.818315 30.676711
80 78 18.212237 15.686162
22 73 44.037347 48.277147
85 16 4.910920 5.295733
50 19 37.426745 40.664497
8 50 47.555584 43.956473
73 85 43.154708 48.044815
71 58 17.124759 16.547687
79 14 39.587361 48.573000
79 82 3.002750 2.598039
0 2 6.981189 12.041595
1 9 3.188842 4.123106
1 6 8.032788 9.899495
2 8 9.587206 82.036577
2 7 8.799133 51.244512
3 8 3.501020 6.324555
4 9 0.487250 69.354164
5 8 0.165416 79.605276
6 9 5.600358 6.708204
7 9 5.205267 25.298221
