10 10 48394 838 142 29 0.010000 20
13 81 45.485231 39.739231
80 78 33.048368 37.671225
22 73 6.918166 8.578489
85 16 6.205840 6.033788
50 19 18.047173 16.556176
8 50 13.326734 11.623433
73 85 26.260691 29.832647
71 58 41.480211 44.632247
79 14 24.662791 22.151277
79 82 15.732888 13.787482
0 2 2.372626 12.041595
1 9 9.962323 4.123106
1 6 6.822378 9.899495
2 8 5.996027 82.036577
2 7 3.182032 51.244512
3 8 9.715677 6.324555
4 9 9.197980 69.354164
5 8 4.865485 79.605276
6 9 5.364178 6.708204
7 9 2.849548 25.298221
