9 11 37281 3679 992 998 1.000000 20
34 60 5.646397 5.459740
68 1 13.989283 14.648978
84 62 52.899769 47.608276
43 75 25.082657 22.671903
39 61 3.591211 3.053148
35 58 43.937121 47.650898
36 66 3.716751 4.096721
66 28 36.218225 37.366491
48 43 2.936548 2.536203
0 5 40.967025 2.236068
0 4 40.107710 5.099020
1 4 42.152877 66.640828
1 2 48.909762 63.063460
2 8 45.415770 40.706265
2 4 44.367552 45.011110
3 8 49.674068 32.388269
3 5 41.340728 18.788294
4 7 45.627179 42.638011
5 7 42.775657 43.139309
5 6 44.492962 8.062258
