9 11 28473 717 993 998 1.000000 20
34 60 32.756450 32.440173
68 1 43.470771 36.755969
84 62 30.186003 35.616279
43 75 6.838810 6.170772
39 61 39.333366 40.738341
35 58 24.228539 22.161751
36 66 35.872926 34.255142
66 28 8.365965 7.729963
48 43 17.073685 18.811842
0 5 47.497672 2.236068
0 4 44.005851 5.099020
1 4 42.333835 66.640828
1 2 47.407576 63.063460
2 8 41.152463 40.706265
2 4 46.781787 45.011110
3 8 41.015756 32.388269
3 5 40.244881 18.788294
4 7 44.458302 42.638011
5 7 49.369729 43.139309
5 6 42.390230 8.062258
