10 10 25785 555 97 6 0.001000 20
13 81 4.860943 5.687783
80 78 41.703438 35.801344
22 73 27.083370 24.595063
85 16 3.707004 3.595676
50 19 27.734789 27.295145
8 50 42.777693 43.833956
73 85 39.159837 37.769474
71 58 40.739145 38.758893
79 14 11.057064 11.627340
79 82 49.180460 43.357963
0 2 24.642475 12.041595
1 9 24.664461 4.123106
1 6 19.931801 9.899495
2 8 20.747444 82.036577
2 7 19.658635 51.244512
3 8 17.213872 6.324555
4 9 20.674955 69.354164
5 8 23.443010 79.605276
6 9 16.277747 6.708204
7 9 21.354488 25.298221
