10 10 31489 1069 94 8 0.001000 20
13 81 16.402283 14.078494
80 78 21.034125 19.420921
22 73 2.582178 2.390951
85 16 37.347760 37.007013
50 19 23.733605 25.866350
8 50 13.642286 13.941136
73 85 47.822118 47.121151
71 58 13.225924 11.682177
79 14 31.001029 29.718967
79 82 45.700151 43.533579
0 2 24.379658 12.041595
1 9 20.441068 4.123106
1 6 22.444843 9.899495
2 8 19.243278 82.036577
2 7 20.365142 51.244512
3 8 24.545028 6.324555
4 9 16.969963 69.354164
5 8 15.187564 79.605276
6 9 16.880553 6.708204
7 9 16.627664 25.298221
