9 11 25761 304 140 26 0.010000 20
34 60 48.424648 42.484342
68 1 10.192361 12.541261
84 62 7.115022 6.733850
43 75 13.571179 14.648347
39 61 28.303412 30.782829
35 58 30.577347 31.101317
36 66 0.161397 0.147792
66 28 25.849169 21.815006
48 43 49.996444 49.484207
0 5 9.099502 2.236068
0 4 4.701804 5.099020
1 4 5.799612 66.640828
1 2 1.718738 63.063460
2 8 4.170653 40.706265
2 4 0.510170 45.011110
3 8 1.718266 32.388269
3 5 6.829352 18.788294
4 7 0.723176 42.638011
5 7 3.146513 43.139309
5 6 4.145116 8.062258
