10 10 27195 1141 97 8 0.001000 20
13 81 14.207194 15.425824
80 78 29.668716 27.187981
22 73 1.694528 1.648714
85 16 4.824463 4.490319
50 19 7.825211 6.798769
8 50 47.099315 39.960956
73 85 6.631385 6.447795
71 58 17.971668 19.110007
79 14 41.363057 49.457356
79 82 30.825310 32.454626
0 2 19.891820 12.041595
1 9 24.693772 4.123106
1 6 19.611262 9.899495
2 8 23.160635 82.036577
2 7 16.643304 51.244512
3 8 22.848816 6.324555
4 9 22.349990 69.354164
5 8 16.516452 79.605276
6 9 24.970030 6.708204
7 9 16.708908 25.298221
