9 11 32700 429 40 6 0.001000 20
34 60 30.461193 32.468698
68 1 39.731064 35.676435
84 62 40.912602 44.328387
43 75 21.916416 20.167689
39 61 47.751037 40.751145
35 58 24.472016 27.550680
36 66 10.213262 8.906590
66 28 15.369893 13.874814
48 43 11.268370 14.029306
0 5 5.648670 2.236068
0 4 1.825908 5.099020
1 4 7.462879 66.640828
1 2 7.020926 63.063460
2 8 8.738728 40.706265
2 4 6.843591 45.011110
3 8 5.959487 32.388269
3 5 2.828372 18.788294
4 7 4.230273 42.638011
5 7 8.692649 43.139309
5 6 1.399281 8.062258
