10 10 48263 277 196 45 0.010000 20
13 81 36.102583 38.153400
80 78 41.643898 35.715319
22 73 3.711460 4.033238
85 16 43.318677 46.410414
50 19 39.300099 33.610318
8 50 46.209709 44.774215
73 85 3.955760 3.391784
71 58 8.155456 9.316222
79 14 1.730067 1.577356
79 82 0.421913 0.362117
0 2 43.251546 12.041595
1 9 39.522933 4.123106
1 6 42.006022 9.899495
2 8 43.106159 82.036577
2 7 35.147794 51.244512
3 8 43.974159 6.324555
4 9 42.928861 69.354164
5 8 36.977645 79.605276
6 9 40.291758 6.708204
7 9 43.948837 25.298221
