10 10 309 2352 44 7 0.001000 20
13 81 34.011851 29.579985
80 78 27.884737 27.435228
22 73 54.976021 45.912244
85 16 38.185513 45.439306
50 19 1.762773 1.626131
8 50 10.377552 12.950064
73 85 18.606275 19.896807
71 58 30.742940 33.979603
79 14 41.354992 42.325085
79 82 20.900227 24.994666
0 2 7.015421 12.041595
1 9 7.067573 4.123106
1 6 0.167626 9.899495
2 8 5.917920 82.036577
2 7 5.108693 51.244512
3 8 8.648850 6.324555
4 9 9.959485 69.354164
5 8 7.853124 79.605276
6 9 5.376534 6.708204
7 9 6.742804 25.298221
