10 10 42517 2563 141 25 0.010000 20
13 81 26.876183 30.396342
80 78 33.937537 34.380242
22 73 1.464905 1.358480
85 16 20.442416 21.479694
50 19 36.286176 43.862716
8 50 27.900481 25.756535
73 85 12.969291 11.081386
71 58 31.039148 35.742480
79 14 38.125065 40.030528
79 82 9.207077 8.356276
0 2 7.341495 12.041595
1 9 6.315920 4.123106
1 6 6.608119 9.899495
2 8 1.137040 82.036577
2 7 7.648772 51.244512
3 8 4.421298 6.324555
4 9 9.941971 69.354164
5 8 6.860815 79.605276
6 9 6.319057 6.708204
7 9 7.058786 25.298221
