10 10 38707 771 93 9 0.001000 20
13 81 36.076501 42.642805
80 78 7.449648 8.741408
22 73 14.472823 17.128126
85 16 29.981229 37.169326
50 19 5.715963 5.421832
8 50 22.875161 25.043946
73 85 34.307891 37.784674
71 58 30.844876 37.078692
79 14 33.501092 28.600448
79 82 1.706017 1.842646
0 2 19.309875 12.041595
1 9 17.685086 4.123106
1 6 22.262977 9.899495
2 8 20.430146 82.036577
2 7 24.762970 51.244512
3 8 20.521448 6.324555
4 9 24.868121 69.354164
5 8 24.464832 79.605276
6 9 24.314704 6.708204
7 9 22.005108 25.298221
