10 10 40800 480 994 997 1.000000 20
13 81 20.591532 19.050316
80 78 48.371066 47.068975
22 73 12.797359 11.453482
85 16 2.185713 2.493139
50 19 10.827975 9.912527
8 50 25.282372 29.498754
73 85 20.293716 23.850975
71 58 39.803022 39.708738
79 14 8.004478 9.846097
79 82 34.484661 35.188248
0 2 9.064835 12.041595
1 9 0.109284 4.123106
1 6 5.790481 9.899495
2 8 3.965082 82.036577
2 7 7.617571 51.244512
3 8 0.501623 6.324555
4 9 4.812560 69.354164
5 8 9.045748 79.605276
6 9 9.314387 6.708204
7 9 6.950332 25.298221
