10 10 43526 775 196 45 0.010000 20
13 81 47.034316 41.177423
80 78 1.792250 1.656060
22 73 46.559126 41.853475
85 16 35.796771 41.881838
50 19 54.173190 45.735120
8 50 33.277859 31.975081
73 85 44.619384 41.246435
71 58 10.808959 11.026038
79 14 36.058601 38.137451
79 82 29.970465 25.383682
0 2 40.526561 12.041595
1 9 44.448430 4.123106
1 6 43.540951 9.899495
2 8 39.576702 82.036577
2 7 40.453851 51.244512
3 8 42.817896 6.324555
4 9 43.131146 69.354164
5 8 36.763454 79.605276
6 9 38.585262 6.708204
7 9 41.558077 25.298221
