9 11 42603 614 49 7 0.001000 20
34 60 37.400849 34.434385
68 1 50.519671 46.086409
84 62 38.797094 36.228201
43 75 37.278180 32.990912
39 61 44.281617 47.372150
35 58 34.606531 38.942270
36 66 35.726280 34.541575
66 28 30.778330 37.649020
48 43 0.410621 0.478835
0 5 1.815275 2.236068
0 4 4.383092 5.099020
1 4 1.290849 66.640828
1 2 7.162317 63.063460
2 8 8.421320 40.706265
2 4 4.849733 45.011110
3 8 1.748495 32.388269
3 5 6.320959 18.788294
4 7 2.104545 42.638011
5 7 9.828346 43.139309
5 6 1.996248 8.062258
