10 10 44487 586 996 995 1.000000 20
13 81 8.705852 9.425096
80 78 33.539587 28.477573
22 73 10.842564 9.617580
85 16 15.445034 13.447348
50 19 47.462282 48.617709
8 50 0.394429 0.338420
73 85 51.220757 47.092847
71 58 37.966745 40.227132
79 14 34.710221 31.406173
79 82 19.398894 20.911384
0 2 42.216383 12.041595
1 9 43.648177 4.123106
1 6 40.090010 9.899495
2 8 48.286447 82.036577
2 7 46.771575 51.244512
3 8 45.555806 6.324555
4 9 45.149593 69.354164
5 8 44.283091 79.605276
6 9 44.023798 6.708204
7 9 42.276968 25.298221
