9 11 42120 1967 95 6 0.001000 20
34 60 38.629561 40.014970
68 1 41.465502 47.086034
84 62 20.253851 23.067358
43 75 0.677867 0.842309
39 61 22.188453 22.367176
35 58 31.331563 29.716816
36 66 7.419362 6.380159
66 28 46.863242 41.058699
48 43 16.014642 15.934928
0 5 17.117801 2.236068
0 4 18.208980 5.099020
1 4 17.773501 66.640828
1 2 21.455768 63.063460
2 8 22.164526 40.706265
2 4 18.851791 45.011110
3 8 24.083680 32.388269
3 5 21.415971 18.788294
4 7 23.346853 42.638011
5 7 19.840688 43.139309
5 6 23.310043 8.062258
