10 10 27536 569 40 7 0.001000 20
13 81 22.079639 22.356439
80 78 20.049936 17.185245
22 73 9.330622 10.818589
85 16 11.129205 10.571980
50 19 40.399761 44.382152
8 50 10.903906 10.352781
73 85 18.184036 16.597820
71 58 11.772978 12.768466
79 14 1.734912 1.902373
79 82 40.020709 44.764942
0 2 6.735887 12.041595
1 9 2.265993 4.123106
1 6 1.329483 9.899495
2 8 6.117888 82.036577
2 7 9.226310 51.244512
3 8 3.484268 6.324555
4 9 8.014146 69.354164
5 8 6.807592 79.605276
6 9 3.842129 6.708204
7 9 4.225921 25.298221
