9 11 95 1037 144 28 0.010000 20
34 60 44.304436 48.874539
68 1 5.731768 6.072805
84 62 17.313287 16.021051
43 75 36.138170 32.450510
39 61 10.915519 9.670865
35 58 1.285933 1.447961
36 66 31.701453 39.005332
66 28 7.681566 9.327526
48 43 15.118148 15.674205
0 5 3.215100 2.236068
0 4 0.096830 5.099020
1 4 8.763207 66.640828
1 2 1.254008 63.063460
2 8 3.137802 40.706265
2 4 3.743240 45.011110
3 8 4.962854 32.388269
3 5 3.869060 18.788294
4 7 7.441220 42.638011
5 7 6.694476 43.139309
5 6 3.157140 8.062258
