9 11 6581 922 149 25 0.010000 20
34 60 43.849250 49.833780
68 1 31.141967 26.241044
84 62 28.355573 28.170938
43 75 36.160812 44.957400
39 61 1.633906 1.719822
35 58 7.169718 7.114319
36 66 18.179823 17.710627
66 28 23.188577 23.252795
48 43 26.302645 26.145591
0 5 7.869335 2.236068
0 4 7.726035 5.099020
1 4 5.682485 66.640828
1 2 4.227303 63.063460
2 8 4.619752 40.706265
2 4 0.646081 45.011110
3 8 0.127002 32.388269
3 5 5.670124 18.788294
4 7 8.692304 42.638011
5 7 1.446498 43.139309
5 6 1.640086 8.062258
