9 11 6139 362 44 6 0.001000 20
34 60 20.396784 20.683612
68 1 24.262844 22.746274
84 62 34.266666 28.616472
43 75 3.930577 3.381498
39 61 37.519728 42.749787
35 58 29.023969 36.263398
36 66 15.915374 18.888095
66 28 19.599750 18.696175
48 43 39.246459 47.009253
0 5 3.620025 2.236068
0 4 1.114319 5.099020
1 4 1.680342 66.640828
1 2 3.576670 63.063460
2 8 6.496277 40.706265
2 4 5.129411 45.011110
3 8 5.725014 32.388269
3 5 1.247029 18.788294
4 7 8.338464 42.638011
5 7 9.928859 43.139309
5 6 3.432492 8.062258
