9 11 6790 861 47 5 0.001000 20
34 60 12.495465 13.384337
68 1 13.203941 11.477360
84 62 16.191841 15.695914
43 75 9.531604 11.748349
39 61 34.165982 33.687392
35 58 41.843670 42.058021
36 66 18.137119 21.934332
66 28 4.575916 3.847904
48 43 44.332745 47.123734
0 5 9.691568 2.236068
0 4 2.701261 5.099020
1 4 9.267642 66.640828
1 2 7.167258 63.063460
2 8 3.371067 40.706265
2 4 6.985499 45.011110
3 8 2.702004 32.388269
3 5 3.737467 18.788294
4 7 2.998995 42.638011
5 7 3.746025 43.139309
5 6 2.557745 8.062258
