10 10 6395 282 196 48 0.010000 20
13 81 19.122266 18.608489
80 78 1.285511 1.081822
22 73 27.180692 29.441348
85 16 34.239667 29.517319
50 19 29.109933 29.592235
8 50 40.435432 42.142689
73 85 28.894552 29.687611
71 58 16.759501 19.273294
79 14 15.046096 14.391759
79 82 47.450227 48.798023
0 2 41.974081 12.041595
1 9 43.146881 4.123106
1 6 43.049474 9.899495
2 8 40.970962 82.036577
2 7 36.227252 51.244512
3 8 38.261986 6.324555
4 9 44.696966 69.354164
5 8 38.182846 79.605276
6 9 35.795757 6.708204
7 9 39.092798 25.298221
