10 10 5914 650 146 28 0.010000 20
13 81 0.145163 0.147690
80 78 31.617015 29.445205
22 73 18.353329 22.174776
85 16 15.631134 14.476820
50 19 17.031847 17.036086
8 50 35.720396 43.828835
73 85 36.626463 39.996975
71 58 10.973359 9.992546
79 14 14.915539 12.865925
79 82 14.207087 13.618776
0 2 0.049870 12.041595
1 9 5.628418 4.123106
1 6 0.862616 9.899495
2 8 7.414702 82.036577
2 7 6.066844 51.244512
3 8 3.470284 6.324555
4 9 5.304048 69.354164
5 8 4.394194 79.605276
6 9 1.558199 6.708204
7 9 5.367429 25.298221
