9 11 6651 468 197 48 0.010000 20
34 60 20.638031 17.277835
68 1 33.897975 35.178856
84 62 1.670703 2.059643
43 75 25.902182 23.107902
39 61 8.996544 10.469062
35 58 10.362487 9.047117
36 66 44.552303 46.732578
66 28 38.630710 45.295217
48 43 1.425797 1.261393
0 5 38.514454 2.236068
0 4 43.952689 5.099020
1 4 43.061561 66.640828
1 2 35.873942 63.063460
2 8 37.502282 40.706265
2 4 40.632078 45.011110
3 8 35.205258 32.388269
3 5 43.439937 18.788294
4 7 41.346238 42.638011
5 7 43.458206 43.139309
5 6 43.179149 8.062258
