10 10 738 1421 149 28 0.010000 20
13 81 6.249950 7.136564
80 78 6.619045 7.241004
22 73 20.883786 25.200082
85 16 28.844928 35.639925
50 19 19.473790 23.129855
8 50 32.096230 29.340755
73 85 50.178277 44.147067
71 58 14.539550 12.751697
79 14 40.419908 40.533235
79 82 10.202515 8.803335
0 2 2.190686 12.041595
1 9 0.419384 4.123106
1 6 8.196248 9.899495
2 8 4.188424 82.036577
2 7 5.915187 51.244512
3 8 4.627594 6.324555
4 9 6.832125 69.354164
5 8 9.854604 79.605276
6 9 0.491504 6.708204
7 9 7.145156 25.298221
