10 10 7809 1422 190 49 0.010000 20
13 81 3.483334 4.178546
80 78 20.796138 24.253265
22 73 16.350528 15.375103
85 16 27.753491 34.634859
50 19 40.954435 35.481008
8 50 0.473367 0.498221
73 85 5.020579 5.664141
71 58 38.781525 38.358989
79 14 21.097069 18.341086
79 82 44.056349 44.126141
0 2 37.669104 12.041595
1 9 36.129093 4.123106
1 6 36.330798 9.899495
2 8 44.539465 82.036577
2 7 42.527226 51.244512
3 8 38.428587 6.324555
4 9 36.380645 69.354164
5 8 36.280697 79.605276
6 9 42.991900 6.708204
7 9 38.616386 25.298221
