10 10 6511 1647 95 5 0.001000 20
13 81 35.022872 39.835945
80 78 39.879902 49.592629
22 73 14.950671 16.273419
85 16 47.681019 45.733871
50 19 28.684554 32.912220
8 50 3.702204 3.479154
73 85 41.357727 49.199765
71 58 14.898899 17.610389
79 14 38.671807 33.159609
79 82 21.207330 20.175437
0 2 21.810483 12.041595
1 9 20.166863 4.123106
1 6 16.163726 9.899495
2 8 15.372376 82.036577
2 7 21.687257 51.244512
3 8 22.850112 6.324555
4 9 19.899646 69.354164
5 8 18.368610 79.605276
6 9 16.575739 6.708204
7 9 15.440474 25.298221
