10 10 690 450 192 49 0.010000 20
13 81 33.847249 34.344401
80 78 4.110294 4.301239
22 73 25.404215 30.053270
85 16 2.972448 3.461417
50 19 16.191767 17.017032
8 50 27.568998 24.807513
73 85 42.963191 49.494497
71 58 3.273878 3.054795
79 14 55.365213 49.664709
79 82 18.086172 16.746152
0 2 35.586961 12.041595
1 9 40.291999 4.123106
1 6 36.654850 9.899495
2 8 35.856139 82.036577
2 7 43.822672 51.244512
3 8 39.484803 6.324555
4 9 38.057770 69.354164
5 8 36.412372 79.605276
6 9 36.684407 6.708204
7 9 43.952142 25.298221
