9 11 6697 1242 143 28 0.010000 20
34 60 18.892748 19.624968
68 1 2.021288 2.327722
84 62 10.384197 12.230557
43 75 7.085300 8.257471
39 61 45.160610 45.987142
35 58 22.385565 27.901186
36 66 35.073012 38.905298
66 28 38.772848 35.021411
48 43 21.029438 18.292643
0 5 2.914104 2.236068
0 4 3.488354 5.099020
1 4 3.403898 66.640828
1 2 9.918702 63.063460
2 8 6.783085 40.706265
2 4 6.602648 45.011110
3 8 9.850642 32.388269
3 5 9.826267 18.788294
4 7 8.139409 42.638011
5 7 1.782271 43.139309
5 6 4.358723 8.062258
