10 10 7880 1221 99 7 0.001000 20
13 81 7.968501 9.225435
80 78 21.031117 23.198265
22 73 40.713866 45.628431
85 16 32.850661 37.903367
50 19 50.179173 49.018676
8 50 14.426984 15.394904
73 85 24.964127 29.885279
71 58 19.578175 18.433477
79 14 38.247728 38.106807
79 82 22.475238 25.270724
0 2 21.347651 12.041595
1 9 17.069232 4.123106
1 6 20.852238 9.899495
2 8 20.275692 82.036577
2 7 21.743736 51.244512
3 8 22.577374 6.324555
4 9 19.571256 69.354164
5 8 19.734627 79.605276
6 9 18.487693 6.708204
7 9 19.433647 25.298221
