10 10 6930 506 48 8 0.001000 20
13 81 23.679115 24.907664
80 78 9.000180 7.969050
22 73 28.745132 30.599524
85 16 35.152532 36.100520
50 19 13.664917 12.291086
8 50 13.064592 11.563193
73 85 30.455308 28.600086
71 58 19.330661 23.279403
79 14 14.288241 14.641303
79 82 39.229907 36.602611
0 2 1.881069 12.041595
1 9 6.545831 4.123106
1 6 9.647248 9.899495
2 8 3.994071 82.036577
2 7 9.770369 51.244512
3 8 0.437225 6.324555
4 9 7.168799 69.354164
5 8 4.724965 79.605276
6 9 6.610610 6.708204
7 9 1.126098 25.298221
