10 10 6720 1819 144 28 0.010000 20
13 81 44.038848 46.686085
80 78 6.980831 6.308215
22 73 36.607679 35.232413
85 16 18.640530 23.120747
50 19 49.778642 48.023658
8 50 38.496733 41.523726
73 85 31.499616 39.077042
71 58 24.876682 30.088640
79 14 48.822206 43.727013
79 82 2.355291 2.040454
0 2 4.169559 12.041595
1 9 6.379008 4.123106
1 6 3.987954 9.899495
2 8 5.911232 82.036577
2 7 0.221908 51.244512
3 8 7.739865 6.324555
4 9 7.239815 69.354164
5 8 3.866577 79.605276
6 9 8.603220 6.708204
7 9 7.601911 25.298221
