10 10 6767 563 99 6 0.001000 20
13 81 44.449442 38.773620
80 78 30.240147 31.549822
22 73 29.230259 26.489822
85 16 46.118205 47.640879
50 19 31.117612 28.306532
8 50 17.149316 16.016737
73 85 8.103970 9.526752
71 58 37.112392 44.964552
79 14 17.759154 20.032280
79 82 18.683817 19.700570
0 2 21.967233 12.041595
1 9 15.161239 4.123106
1 6 24.952783 9.899495
2 8 24.711392 82.036577
2 7 18.335861 51.244512
3 8 23.368863 6.324555
4 9 24.812665 69.354164
5 8 15.643362 79.605276
6 9 15.993039 6.708204
7 9 19.152267 25.298221
