10 10 5600 856 990 996 1.000000 20
13 81 18.537112 21.245385
80 78 42.165340 48.927045
22 73 15.228754 15.083606
85 16 13.421623 11.704565
50 19 38.752585 34.275167
8 50 13.062986 12.197943
73 85 30.910124 30.010190
71 58 26.919743 31.236572
79 14 8.277472 9.979300
79 82 10.514432 10.738079
0 2 44.199859 12.041595
1 9 46.146137 4.123106
1 6 46.827677 9.899495
2 8 49.331380 82.036577
2 7 47.318700 51.244512
3 8 45.569687 6.324555
4 9 45.705558 69.354164
5 8 41.678502 79.605276
6 9 49.840992 6.708204
7 9 48.175773 25.298221
