9 11 7095 1270 44 7 0.001000 20
34 60 21.952968 23.048929
68 1 2.236787 2.330762
84 62 34.104592 39.690751
43 75 37.336045 46.606085
39 61 45.187728 40.640939
35 58 28.213254 29.204516
36 66 22.037828 19.475699
66 28 42.315429 41.194808
48 43 6.694584 6.202615
0 5 5.475998 2.236068
0 4 3.780742 5.099020
1 4 7.721193 66.640828
1 2 6.402524 63.063460
2 8 4.012844 40.706265
2 4 4.916782 45.011110
3 8 5.892970 32.388269
3 5 6.814532 18.788294
4 7 6.088077 42.638011
5 7 1.066223 43.139309
5 6 5.699398 8.062258
