9 11 547 842 42 9 0.001000 20
34 60 0.977020 0.970444
68 1 14.995710 13.055849
84 62 27.398087 32.322632
43 75 14.896224 14.098185
39 61 46.843112 40.642356
35 58 42.497871 49.394283
36 66 27.913380 27.663208
66 28 21.426354 24.984378
48 43 41.478873 45.046220
0 5 5.476450 2.236068
0 4 5.398970 5.099020
1 4 4.008346 66.640828
1 2 5.394808 63.063460
2 8 0.797023 40.706265
2 4 4.126200 45.011110
3 8 7.121295 32.388269
3 5 7.823107 18.788294
4 7 2.025176 42.638011
5 7 9.440052 43.139309
5 6 6.415636 8.062258
