10 10 6186 642 145 29 0.010000 20
13 81 39.064018 34.757874
80 78 31.540804 35.497897
22 73 53.906037 45.748113
85 16 33.287839 29.348363
50 19 41.649024 38.527888
8 50 14.962707 13.340641
73 85 23.993887 24.777069
71 58 13.251071 16.412236
79 14 9.350200 9.474769
79 82 31.825441 37.769556
0 2 6.300880 12.041595
1 9 1.205492 4.123106
1 6 4.109540 9.899495
2 8 2.588813 82.036577
2 7 8.988657 51.244512
3 8 5.370518 6.324555
4 9 2.624546 69.354164
5 8 9.372619 79.605276
6 9 5.915475 6.708204
7 9 9.560192 25.298221
