10 10 6744 717 142 25 0.010000 20
13 81 29.265701 29.667075
80 78 30.271702 36.376546
22 73 34.700122 34.204163
85 16 28.946737 29.965024
50 19 22.044523 24.474050
8 50 33.275915 36.823626
73 85 15.576077 16.131036
71 58 18.916209 21.451981
79 14 18.652938 15.744683
79 82 26.452548 31.369200
0 2 1.790821 12.041595
1 9 1.376559 4.123106
1 6 2.688650 9.899495
2 8 2.983880 82.036577
2 7 1.543191 51.244512
3 8 9.562617 6.324555
4 9 6.063565 69.354164
5 8 5.564515 79.605276
6 9 1.196031 6.708204
7 9 7.246822 25.298221
