9 11 6093 335 190 47 0.010000 20
34 60 39.060939 44.011779
68 1 24.098916 20.165442
84 62 53.614142 45.910738
43 75 27.860281 28.392167
39 61 31.364159 31.811875
35 58 39.224757 41.741885
36 66 25.532420 28.743568
66 28 6.834565 6.352147
48 43 25.638307 30.191762
0 5 38.552692 2.236068
0 4 44.542276 5.099020
1 4 44.350285 66.640828
1 2 38.438655 63.063460
2 8 37.344049 40.706265
2 4 35.503136 45.011110
3 8 43.238502 32.388269
3 5 43.570216 18.788294
4 7 44.372263 42.638011
5 7 36.256948 43.139309
5 6 42.740704 8.062258
