10 10 7166 567 146 25 0.010000 20
13 81 9.764252 8.259301
80 78 13.166618 12.671064
22 73 16.406115 13.940897
85 16 25.078948 23.023257
50 19 20.340459 18.418589
8 50 1.668067 1.702747
73 85 45.935293 45.604343
71 58 0.031321 0.032411
79 14 43.040330 48.045695
79 82 43.147700 36.875885
0 2 0.755952 12.041595
1 9 0.860055 4.123106
1 6 4.295007 9.899495
2 8 5.564332 82.036577
2 7 0.683920 51.244512
3 8 4.471559 6.324555
4 9 5.358410 69.354164
5 8 0.826495 79.605276
6 9 1.887472 6.708204
7 9 5.100376 25.298221
