10 10 6000 2663 90 7 0.001000 20
13 81 25.604424 23.753346
80 78 23.160151 21.054321
22 73 30.418803 37.384712
85 16 32.529970 40.324416
50 19 29.095899 27.821799
8 50 32.160397 39.047291
73 85 16.081367 18.254434
71 58 11.229411 9.450520
79 14 7.985832 8.271778
79 82 23.140936 22.645182
0 2 16.869662 12.041595
1 9 19.910181 4.123106
1 6 24.682274 9.899495
2 8 19.160110 82.036577
2 7 22.148387 51.244512
3 8 16.967139 6.324555
4 9 18.971434 69.354164
5 8 19.372949 79.605276
6 9 21.751823 6.708204
7 9 19.704815 25.298221
