9 11 7714 624 993 996 1.000000 20
34 60 3.131266 3.601431
68 1 9.977954 11.454665
84 62 34.986616 43.637196
43 75 21.834270 21.808525
39 61 4.641600 3.871371
35 58 43.780916 41.359022
36 66 33.796098 30.997451
66 28 12.903533 13.790060
48 43 36.395099 44.586561
0 5 4.514933 2.236068
0 4 3.317800 5.099020
1 4 2.873327 66.640828
1 2 7.024518 63.063460
2 8 6.205976 40.706265
2 4 4.882340 45.011110
3 8 8.078080 32.388269
3 5 2.092942 18.788294
4 7 8.141902 42.638011
5 7 4.966242 43.139309
5 6 0.189649 8.062258
