10 10 9290 443 40 7 0.001000 20
13 81 35.979891 35.069820
80 78 12.730803 13.238817
22 73 49.210394 48.261523
85 16 15.396276 14.176093
50 19 21.535224 21.195089
8 50 5.502009 5.171012
73 85 8.225966 8.786505
71 58 24.679974 24.757971
79 14 7.514297 6.315706
79 82 39.937895 37.062285
0 2 3.541412 12.041595
1 9 7.390952 4.123106
1 6 8.998883 9.899495
2 8 0.952627 82.036577
2 7 1.885524 51.244512
3 8 2.547559 6.324555
4 9 3.503996 69.354164
5 8 9.539123 79.605276
6 9 6.036491 6.708204
7 9 1.003138 25.298221
