10 10 10500 723 149 26 0.010000 20
13 81 21.454536 26.348985
80 78 5.781863 5.922325
22 73 4.411827 5.364870
85 16 37.061168 32.939067
50 19 28.827562 32.758233
8 50 6.745959 7.429478
73 85 17.154546 18.326806
71 58 24.208097 25.502102
79 14 38.229016 41.567278
79 82 33.086764 32.183941
0 2 5.014684 12.041595
1 9 3.290236 4.123106
1 6 7.463063 9.899495
2 8 4.173275 82.036577
2 7 8.893894 51.244512
3 8 2.455307 6.324555
4 9 7.886847 69.354164
5 8 4.152678 79.605276
6 9 0.689896 6.708204
7 9 6.265136 25.298221
