10 10 8461 254 140 26 0.010000 20
13 81 43.689175 38.491596
80 78 6.019974 5.460722
22 73 23.780088 22.861523
85 16 13.749427 14.660164
50 19 5.410177 5.836145
8 50 22.833833 20.190103
73 85 6.543518 6.290490
71 58 8.457381 7.544819
79 14 7.340882 8.473962
79 82 51.330493 44.469918
0 2 5.523387 12.041595
1 9 1.328718 4.123106
1 6 9.755032 9.899495
2 8 9.428467 82.036577
2 7 0.825914 51.244512
3 8 4.608599 6.324555
4 9 1.262032 69.354164
5 8 6.427840 79.605276
6 9 1.241183 6.708204
7 9 0.652188 25.298221
