9 11 8615 302 45 9 0.001000 20
34 60 33.533128 34.610022
68 1 26.933349 32.540445
84 62 40.140914 33.786420
43 75 34.853775 34.383195
39 61 12.619659 10.716638
35 58 19.155648 19.672253
36 66 20.634995 17.427361
66 28 25.839924 24.050044
48 43 28.778890 27.178178
0 5 1.600588 2.236068
0 4 8.605542 5.099020
1 4 9.927065 66.640828
1 2 6.599681 63.063460
2 8 6.314891 40.706265
2 4 4.364250 45.011110
3 8 2.775287 32.388269
3 5 9.068057 18.788294
4 7 7.336551 42.638011
5 7 9.949761 43.139309
5 6 8.901162 8.062258
