10 10 10522 560 143 25 0.010000 20
13 81 36.941006 35.449444
80 78 32.262914 34.561678
22 73 36.037411 41.222278
85 16 11.701314 13.528286
50 19 14.251205 15.509233
8 50 6.057595 7.029980
73 85 42.127765 41.503074
71 58 27.729610 28.201030
79 14 51.181610 46.963252
79 82 1.534775 1.496358
0 2 6.603280 12.041595
1 9 0.889849 4.123106
1 6 5.163543 9.899495
2 8 0.809108 82.036577
2 7 4.379793 51.244512
3 8 2.440683 6.324555
4 9 3.338568 69.354164
5 8 9.948571 79.605276
6 9 0.717687 6.708204
7 9 5.381258 25.298221
