10 10 10704 1197 996 996 1.000000 20
13 81 32.569831 30.018871
80 78 20.004989 20.713784
22 73 14.281610 15.962250
85 16 27.434533 25.571703
50 19 15.342898 13.142904
8 50 3.985963 3.947480
73 85 8.433495 8.635048
71 58 2.668263 2.644710
79 14 30.612592 32.929116
79 82 24.157675 28.976105
0 2 0.978883 12.041595
1 9 1.434506 4.123106
1 6 2.110712 9.899495
2 8 4.998167 82.036577
2 7 8.862834 51.244512
3 8 1.863987 6.324555
4 9 5.338927 69.354164
5 8 2.515152 79.605276
6 9 5.454559 6.708204
7 9 6.039692 25.298221
