9 11 8512 629 997 997 1.000000 20
34 60 44.164268 42.079867
68 1 8.079981 9.433579
84 62 4.542888 4.121102
43 75 28.090679 31.017437
39 61 47.045417 39.519337
35 58 32.739590 37.430442
36 66 31.826147 28.251003
66 28 55.176485 46.337465
48 43 41.756763 36.298402
0 5 3.738354 2.236068
0 4 4.957927 5.099020
1 4 0.663726 66.640828
1 2 4.552268 63.063460
2 8 6.182453 40.706265
2 4 2.764738 45.011110
3 8 9.180991 32.388269
3 5 2.603714 18.788294
4 7 9.740194 42.638011
5 7 6.774231 43.139309
5 6 4.140044 8.062258
