9 11 8820 326 147 25 0.010000 20
34 60 39.129736 35.787049
68 1 38.703196 34.632041
84 62 22.562935 27.809807
43 75 5.938803 5.618900
39 61 8.690168 10.162894
35 58 43.504489 43.339106
36 66 38.754718 37.822810
66 28 13.650699 14.621409
48 43 12.746621 13.345155
0 5 4.461724 2.236068
0 4 3.912753 5.099020
1 4 7.940121 66.640828
1 2 5.881973 63.063460
2 8 8.049174 40.706265
2 4 7.057283 45.011110
3 8 0.220978 32.388269
3 5 6.891588 18.788294
4 7 7.485646 42.638011
5 7 2.594886 43.139309
5 6 7.132215 8.062258
