10 10 8743 561 194 49 0.010000 20
13 81 24.486163 29.631783
80 78 35.829938 40.879536
22 73 17.323807 21.120543
85 16 43.355425 36.566141
50 19 41.266880 35.881136
8 50 4.987127 5.501324
73 85 26.847036 26.141962
71 58 49.059214 48.768588
79 14 45.326522 48.582314
79 82 57.672319 49.521398
0 2 35.634597 12.041595
1 9 44.227378 4.123106
1 6 35.464854 9.899495
2 8 38.816564 82.036577
2 7 42.383332 51.244512
3 8 40.202849 6.324555
4 9 40.410603 69.354164
5 8 42.549134 79.605276
6 9 44.582690 6.708204
7 9 40.834711 25.298221
