10 10 8666 832 997 999 1.000000 20
13 81 36.624517 32.339352
80 78 29.232550 31.247861
22 73 32.679942 35.204213
85 16 28.015172 23.617450
50 19 48.158876 43.306382
8 50 33.118501 30.418323
73 85 33.455464 36.075953
71 58 34.963351 30.817731
79 14 22.962749 23.203899
79 82 29.868263 34.802144
0 2 45.391101 12.041595
1 9 46.550964 4.123106
1 6 48.972128 9.899495
2 8 44.720796 82.036577
2 7 40.134160 51.244512
3 8 45.056228 6.324555
4 9 49.817719 69.354164
5 8 47.992287 79.605276
6 9 41.638423 6.708204
7 9 42.695692 25.298221
