9 11 9483 1959 997 996 1.000000 20
34 60 8.808172 10.041687
68 1 30.750342 34.621240
84 62 23.887431 22.972031
43 75 6.653812 6.147394
39 61 2.191382 2.653396
35 58 14.701896 13.448968
36 66 13.411816 15.567813
66 28 7.653978 7.325489
48 43 15.795052 16.148022
0 5 49.072973 2.236068
0 4 48.327837 5.099020
1 4 47.728680 66.640828
1 2 48.648795 63.063460
2 8 42.260911 40.706265
2 4 46.846631 45.011110
3 8 40.725182 32.388269
3 5 48.478417 18.788294
4 7 42.819568 42.638011
5 7 40.258081 43.139309
5 6 49.079984 8.062258
