10 10 8153 1359 991 995 1.000000 20
13 81 29.011310 34.187208
80 78 23.286936 20.582495
22 73 59.834647 49.889832
85 16 30.100363 30.597411
50 19 28.620013 31.590242
8 50 38.783160 44.124341
73 85 38.088320 33.373819
71 58 16.201062 16.027947
79 14 51.530246 46.493779
79 82 24.136312 26.469802
0 2 7.103243 12.041595
1 9 8.429427 4.123106
1 6 3.423370 9.899495
2 8 6.746392 82.036577
2 7 9.600660 51.244512
3 8 0.692298 6.324555
4 9 7.300850 69.354164
5 8 6.172521 79.605276
6 9 5.407156 6.708204
7 9 0.636703 25.298221
