10 10 9548 2587 43 5 0.001000 20
13 81 18.364426 19.488916
80 78 44.880530 45.781789
22 73 20.197630 23.497146
85 16 19.483606 23.874803
50 19 54.600000 48.763897
8 50 29.715000 28.463280
73 85 41.935736 48.731541
71 58 43.335600 48.830856
79 14 37.817983 32.729410
79 82 17.386205 21.644981
0 2 2.237898 12.041595
1 9 7.130957 4.123106
1 6 5.588076 9.899495
2 8 0.388897 82.036577
2 7 6.590126 51.244512
3 8 6.543913 6.324555
4 9 5.942172 69.354164
5 8 1.414068 79.605276
6 9 5.383699 6.708204
7 9 3.508939 25.298221
