10 10 8538 2258 94 9 0.001000 20
13 81 10.588670 9.359026
80 78 16.348312 18.900788
22 73 13.579524 14.337133
85 16 48.111967 44.723008
50 19 34.364555 29.189410
8 50 11.439695 14.121076
73 85 42.408772 46.095179
71 58 31.291686 30.383874
79 14 39.907338 34.729815
79 82 47.551698 45.207171
0 2 21.620416 12.041595
1 9 18.767554 4.123106
1 6 24.845565 9.899495
2 8 20.760638 82.036577
2 7 21.643335 51.244512
3 8 17.114716 6.324555
4 9 15.376249 69.354164
5 8 17.048205 79.605276
6 9 22.034299 6.708204
7 9 24.421769 25.298221
