10 10 9193 321 195 48 0.010000 20
13 81 17.753347 14.923112
80 78 18.171554 17.890285
22 73 22.701596 22.530906
85 16 27.790895 24.140248
50 19 12.261412 12.617569
8 50 45.966721 49.473760
73 85 20.138806 22.573718
71 58 0.226115 0.201527
79 14 39.252858 48.715004
79 82 38.452699 39.384686
0 2 37.622215 12.041595
1 9 44.807768 4.123106
1 6 43.576603 9.899495
2 8 38.525747 82.036577
2 7 43.436320 51.244512
3 8 38.506086 6.324555
4 9 44.017169 69.354164
5 8 39.020584 79.605276
6 9 35.390882 6.708204
7 9 42.943427 25.298221
