10 10 10409 1134 193 48 0.010000 20
13 81 7.040800 5.956244
80 78 3.223112 3.257807
22 73 31.856950 39.611370
85 16 31.057113 36.766766
50 19 0.267134 0.260599
8 50 14.242885 13.545393
73 85 39.901216 33.726230
71 58 19.078900 22.499276
79 14 35.246464 41.030486
79 82 37.770470 44.978152
0 2 44.291953 12.041595
1 9 37.159885 4.123106
1 6 42.963714 9.899495
2 8 35.444552 82.036577
2 7 42.504928 51.244512
3 8 36.106915 6.324555
4 9 42.082117 69.354164
5 8 37.035876 79.605276
6 9 35.260264 6.708204
7 9 42.887027 25.298221
