9 11 928 727 141 25 0.010000 20
34 60 23.356299 26.885094
68 1 7.796279 6.822520
84 62 30.436779 34.695238
43 75 48.002350 48.588595
39 61 46.264974 38.915408
35 58 10.289125 11.278754
36 66 11.564054 12.484083
66 28 23.576607 28.823695
48 43 26.812084 25.997688
0 5 3.138600 2.236068
0 4 1.868800 5.099020
1 4 8.427636 66.640828
1 2 6.043515 63.063460
2 8 5.388072 40.706265
2 4 9.448838 45.011110
3 8 3.543350 32.388269
3 5 6.227689 18.788294
4 7 2.796923 42.638011
5 7 5.579563 43.139309
5 6 6.942048 8.062258
