10 10 8487 601 144 26 0.010000 20
13 81 44.105448 41.237129
80 78 18.423550 16.099679
22 73 26.827636 31.781500
85 16 34.522910 29.984169
50 19 17.686519 20.300357
8 50 13.534389 12.673896
73 85 29.284010 30.507107
71 58 48.349630 47.511007
79 14 51.920957 47.591687
79 82 25.220323 27.210594
0 2 0.403414 12.041595
1 9 1.529677 4.123106
1 6 8.961742 9.899495
2 8 6.550546 82.036577
2 7 2.101121 51.244512
3 8 4.498653 6.324555
4 9 2.972817 69.354164
5 8 7.070073 79.605276
6 9 3.462393 6.708204
7 9 2.797270 25.298221
