10 10 8051 688 997 996 1.000000 20
13 81 10.276098 9.453279
80 78 4.568422 5.027072
22 73 15.885592 17.480626
85 16 52.775607 44.069842
50 19 52.120708 45.782847
8 50 8.215808 7.532891
73 85 17.331621 15.295801
71 58 4.676904 5.112914
79 14 34.006599 35.134769
79 82 51.403216 43.438563
0 2 42.117977 12.041595
1 9 44.789148 4.123106
1 6 40.337044 9.899495
2 8 43.983033 82.036577
2 7 41.466627 51.244512
3 8 46.319918 6.324555
4 9 49.846150 69.354164
5 8 40.628498 79.605276
6 9 42.347419 6.708204
7 9 49.560113 25.298221
