9 11 10363 419 198 49 0.010000 20
34 60 31.738303 31.189111
68 1 11.210116 12.398661
84 62 13.921472 15.085992
43 75 8.899180 8.589937
39 61 58.215677 49.723469
35 58 13.811645 16.956593
36 66 39.811744 33.203213
66 28 27.244809 29.677079
48 43 22.386415 21.664019
0 5 41.558289 2.236068
0 4 42.055590 5.099020
1 4 41.620998 66.640828
1 2 42.734308 63.063460
2 8 37.643146 40.706265
2 4 44.385352 45.011110
3 8 41.336364 32.388269
3 5 44.158270 18.788294
4 7 44.301074 42.638011
5 7 36.659245 43.139309
5 6 35.579908 8.062258
