10 10 8333 788 998 998 1.000000 20
13 81 19.490749 23.112633
80 78 42.063615 42.051541
22 73 15.278195 15.835527
85 16 4.383086 3.802583
50 19 46.705647 42.931230
8 50 37.394461 38.586325
73 85 1.736211 1.688207
71 58 38.550172 48.067072
79 14 4.321195 4.539956
79 82 27.596029 29.311245
0 2 48.959752 12.041595
1 9 45.767210 4.123106
1 6 46.697802 9.899495
2 8 42.164323 82.036577
2 7 46.838182 51.244512
3 8 48.079037 6.324555
4 9 43.480439 69.354164
5 8 45.650422 79.605276
6 9 42.902780 6.708204
7 9 46.735412 25.298221
