9 11 904 1720 97 7 0.001000 20
34 60 46.851832 42.904903
68 1 44.990819 46.360886
84 62 37.169989 41.631986
43 75 15.318882 13.076248
39 61 37.870804 40.412238
35 58 12.388812 12.372647
36 66 27.048873 31.909829
66 28 52.816980 44.740334
48 43 28.011471 26.676625
0 5 15.239855 2.236068
0 4 22.980590 5.099020
1 4 21.122951 66.640828
1 2 15.968474 63.063460
2 8 20.893508 40.706265
2 4 21.319301 45.011110
3 8 20.754016 32.388269
3 5 22.686566 18.788294
4 7 17.033620 42.638011
5 7 21.363984 43.139309
5 6 24.410895 8.062258
