9 11 8923 334 93 6 0.001000 20
34 60 6.493271 7.405747
68 1 14.461721 14.213284
84 62 36.000859 39.381221
43 75 22.921920 23.813717
39 61 11.854389 10.693808
35 58 9.070912 8.495776
36 66 40.730725 49.154677
66 28 34.234879 34.589144
48 43 47.515633 46.353889
0 5 21.848839 2.236068
0 4 23.206165 5.099020
1 4 21.714046 66.640828
1 2 17.831268 63.063460
2 8 15.263330 40.706265
2 4 23.105283 45.011110
3 8 19.364953 32.388269
3 5 23.271116 18.788294
4 7 20.736992 42.638011
5 7 20.134393 43.139309
5 6 23.248788 8.062258
