10 10 8948 941 90 5 0.001000 20
13 81 26.423485 25.526420
80 78 2.610493 2.730717
22 73 21.457621 22.677825
85 16 40.882512 36.658513
50 19 46.580893 48.090753
8 50 37.799521 41.282220
73 85 21.178667 25.621770
71 58 6.001067 6.658740
79 14 27.314278 26.728368
79 82 17.106034 15.485142
0 2 18.565861 12.041595
1 9 20.461288 4.123106
1 6 19.695491 9.899495
2 8 21.976539 82.036577
2 7 17.370902 51.244512
3 8 22.416183 6.324555
4 9 17.668230 69.354164
5 8 21.668099 79.605276
6 9 21.942679 6.708204
7 9 19.163162 25.298221
