10 10 10227 1167 148 25 0.010000 20
13 81 20.250033 17.313438
80 78 41.466147 45.864043
22 73 28.811472 28.220309
85 16 35.035892 32.808409
50 19 5.205498 6.482158
8 50 38.799878 45.392403
73 85 1.308406 1.442415
71 58 23.003885 23.545995
79 14 9.338061 7.962680
79 82 25.074312 24.723099
0 2 9.125599 12.041595
1 9 5.691955 4.123106
1 6 3.232676 9.899495
2 8 4.331428 82.036577
2 7 6.809200 51.244512
3 8 0.898824 6.324555
4 9 0.640647 69.354164
5 8 4.096731 79.605276
6 9 9.194553 6.708204
7 9 4.171069 25.298221
