10 10 9870 685 40 7 0.001000 20
13 81 45.389175 46.584880
80 78 8.852722 10.336980
22 73 55.531037 47.468572
85 16 41.416301 35.007438
50 19 21.751986 22.234133
8 50 35.652231 43.552365
73 85 19.862383 16.643101
71 58 41.956727 46.477927
79 14 21.689417 24.188044
79 82 0.108307 0.100693
0 2 9.973716 12.041595
1 9 8.807356 4.123106
1 6 6.161573 9.899495
2 8 9.796222 82.036577
2 7 9.293089 51.244512
3 8 1.716555 6.324555
4 9 6.906755 69.354164
5 8 0.172768 79.605276
6 9 8.718013 6.708204
7 9 5.977240 25.298221
