9 11 9387 451 40 5 0.001000 20
34 60 23.122126 28.471641
68 1 32.305697 35.962782
84 62 14.275409 13.680357
43 75 27.138800 29.016068
39 61 34.008132 32.655684
35 58 24.233841 25.662419
36 66 31.070639 31.407770
66 28 2.893323 2.742305
48 43 47.877117 46.440525
0 5 1.376402 2.236068
0 4 0.287461 5.099020
1 4 9.212641 66.640828
1 2 4.501076 63.063460
2 8 3.975530 40.706265
2 4 5.579638 45.011110
3 8 9.236013 32.388269
3 5 5.482782 18.788294
4 7 4.612005 42.638011
5 7 1.642633 43.139309
5 6 8.277288 8.062258
