10 10 10090 1933 190 47 0.010000 20
13 81 28.385204 26.025018
80 78 37.532006 39.786204
22 73 19.114598 17.558509
85 16 56.023690 49.280612
50 19 33.753520 39.185029
8 50 31.532976 30.713120
73 85 2.979773 3.056373
71 58 36.896050 35.181106
79 14 17.009579 14.919086
79 82 39.699836 45.239023
0 2 41.693174 12.041595
1 9 40.684926 4.123106
1 6 38.036971 9.899495
2 8 35.526057 82.036577
2 7 38.097127 51.244512
3 8 39.464079 6.324555
4 9 44.143333 69.354164
5 8 41.333294 79.605276
6 9 44.443029 6.708204
7 9 36.455677 25.298221
