9 11 10636 521 148 27 0.010000 20
34 60 9.799617 11.367264
68 1 11.142819 9.534624
84 62 9.839779 10.353888
43 75 26.954770 30.907569
39 61 4.848038 5.556334
35 58 7.070451 6.058381
36 66 53.688788 49.347692
66 28 36.378896 38.611860
48 43 10.930797 12.030013
0 5 4.928244 2.236068
0 4 2.110692 5.099020
1 4 0.011792 66.640828
1 2 4.425582 63.063460
2 8 0.221683 40.706265
2 4 7.998818 45.011110
3 8 2.386300 32.388269
3 5 2.496478 18.788294
4 7 1.291268 42.638011
5 7 2.073471 43.139309
5 6 3.344157 8.062258
