10 10 8384 1486 43 7 0.001000 20
13 81 37.825487 45.559218
80 78 24.075144 27.326332
22 73 43.501737 49.663946
85 16 24.778917 23.164046
50 19 15.714371 16.090720
8 50 49.983901 42.754423
73 85 9.960984 9.048422
71 58 5.116964 4.339653
79 14 47.927009 46.834515
79 82 41.486136 46.657346
0 2 7.490446 12.041595
1 9 9.465925 4.123106
1 6 8.495770 9.899495
2 8 0.724154 82.036577
2 7 8.744428 51.244512
3 8 1.204249 6.324555
4 9 9.333378 69.354164
5 8 3.573133 79.605276
6 9 0.422045 6.708204
7 9 9.282143 25.298221
