10 10 7976 356 49 5 0.001000 20
13 81 43.175176 36.426658
80 78 35.106513 43.302558
22 73 41.629063 42.269255
85 16 40.375570 34.211088
50 19 44.096972 37.920526
8 50 50.849695 46.172824
73 85 21.304156 17.895002
71 58 18.992805 16.849999
79 14 51.009071 47.204473
79 82 4.141840 3.807408
0 2 4.621172 12.041595
1 9 2.191753 4.123106
1 6 1.178528 9.899495
2 8 4.989672 82.036577
2 7 2.962411 51.244512
3 8 8.483252 6.324555
4 9 3.191398 69.354164
5 8 3.757761 79.605276
6 9 3.690371 6.708204
7 9 6.989462 25.298221
