9 11 9903 1439 148 25 0.010000 20
34 60 0.068641 0.082989
68 1 0.481261 0.520865
84 62 2.176519 2.244412
43 75 8.115924 9.318151
39 61 37.348319 37.828883
35 58 12.538494 12.658946
36 66 17.960921 21.163974
66 28 15.470194 18.529288
48 43 32.927326 40.845872
0 5 7.955723 2.236068
0 4 9.170732 5.099020
1 4 6.182517 66.640828
1 2 8.404101 63.063460
2 8 8.259994 40.706265
2 4 0.129380 45.011110
3 8 5.990700 32.388269
3 5 9.424612 18.788294
4 7 2.897154 42.638011
5 7 3.532716 43.139309
5 6 8.257726 8.062258
