10 10 12090 858 999 996 1.000000 20
13 81 2.601790 2.749925
80 78 0.571979 0.706504
22 73 4.388190 4.056445
85 16 17.800178 15.913715
50 19 39.153183 44.687954
8 50 38.511669 34.343039
73 85 8.860288 7.749360
71 58 13.752961 13.299482
79 14 36.197673 31.652777
79 82 39.317489 33.708823
0 2 48.508102 12.041595
1 9 45.904439 4.123106
1 6 49.134896 9.899495
2 8 41.798701 82.036577
2 7 49.326363 51.244512
3 8 46.098201 6.324555
4 9 45.925357 69.354164
5 8 48.331599 79.605276
6 9 42.495090 6.708204
7 9 42.819427 25.298221
