9 11 10818 507 999 998 1.000000 20
34 60 10.614199 9.533145
68 1 36.969449 45.266116
84 62 37.411133 33.919579
43 75 9.756757 8.766876
39 61 48.984794 43.604008
35 58 13.759362 15.030120
36 66 45.871628 48.687083
66 28 30.270696 34.281101
48 43 10.988460 11.713839
0 5 49.382479 2.236068
0 4 43.508138 5.099020
1 4 47.866099 66.640828
1 2 48.075811 63.063460
2 8 48.309787 40.706265
2 4 44.314511 45.011110
3 8 40.953877 32.388269
3 5 49.235951 18.788294
4 7 49.953414 42.638011
5 7 48.739336 43.139309
5 6 43.433210 8.062258
