9 11 13295 670 41 7 0.001000 20
34 60 41.920525 38.003176
68 1 24.681895 21.561083
84 62 14.293315 17.767459
43 75 7.404910 6.336029
39 61 26.157776 26.195845
35 58 31.852957 27.504182
36 66 13.497135 15.613783
66 28 52.988266 46.976985
48 43 50.959607 47.586326
0 5 7.732993 2.236068
0 4 2.175377 5.099020
1 4 0.366721 66.640828
1 2 5.912565 63.063460
2 8 7.785380 40.706265
2 4 9.672651 45.011110
3 8 2.557176 32.388269
3 5 3.471528 18.788294
4 7 2.806522 42.638011
5 7 0.829562 43.139309
5 6 6.423448 8.062258
