10 10 13181 663 144 26 0.010000 20
13 81 8.155705 8.248932
80 78 25.195713 27.237883
22 73 20.769395 22.467975
85 16 4.884362 4.382141
50 19 16.436834 16.438378
8 50 40.712759 36.355192
73 85 6.718829 7.896041
71 58 6.865991 6.311413
79 14 37.033863 36.540933
79 82 6.957036 6.046374
0 2 5.794937 12.041595
1 9 8.648990 4.123106
1 6 7.445635 9.899495
2 8 4.099756 82.036577
2 7 0.324672 51.244512
3 8 3.722452 6.324555
4 9 3.131266 69.354164
5 8 8.996669 79.605276
6 9 2.400493 6.708204
7 9 2.642403 25.298221
