9 11 11447 649 191 47 0.010000 20
34 60 57.252931 49.344928
68 1 30.517932 32.832831
84 62 45.576086 42.128162
43 75 29.150219 30.416017
39 61 35.434864 31.347899
35 58 40.010945 48.130421
36 66 39.515531 34.516355
66 28 52.927013 48.883394
48 43 26.171215 25.840136
0 5 44.910546 2.236068
0 4 36.470695 5.099020
1 4 44.956308 66.640828
1 2 44.943620 63.063460
2 8 35.326038 40.706265
2 4 40.128506 45.011110
3 8 39.377581 32.388269
3 5 41.638977 18.788294
4 7 35.974132 42.638011
5 7 38.836746 43.139309
5 6 41.041240 8.062258
