10 10 11000 755 141 25 0.010000 20
13 81 27.670215 33.517728
80 78 35.210501 34.977863
22 73 45.617999 46.261208
85 16 6.829598 6.798841
50 19 5.448421 4.833527
8 50 11.850786 10.230654
73 85 3.518662 2.990149
71 58 33.020702 31.642491
79 14 52.367396 45.672054
79 82 40.686042 37.042977
0 2 4.494997 12.041595
1 9 9.198243 4.123106
1 6 8.134911 9.899495
2 8 9.303575 82.036577
2 7 6.339568 51.244512
3 8 2.694361 6.324555
4 9 5.748103 69.354164
5 8 2.025023 79.605276
6 9 9.450496 6.708204
7 9 4.445831 25.298221
