10 10 11710 440 144 29 0.010000 20
13 81 6.230513 7.509976
80 78 44.177388 46.968021
22 73 0.571764 0.500916
85 16 35.332659 39.885601
50 19 17.058292 19.170925
8 50 35.090625 40.115838
73 85 26.880201 27.173770
71 58 41.507266 48.918495
79 14 21.695642 19.983885
79 82 41.840304 40.372608
0 2 4.389168 12.041595
1 9 4.086285 4.123106
1 6 8.899539 9.899495
2 8 3.599360 82.036577
2 7 4.250334 51.244512
3 8 0.072225 6.324555
4 9 2.860285 69.354164
5 8 5.025466 79.605276
6 9 1.618683 6.708204
7 9 9.775574 25.298221
