10 10 12272 1394 198 47 0.010000 20
13 81 15.299671 12.794743
80 78 8.804440 7.831509
22 73 36.162464 34.154350
85 16 13.721790 13.908145
50 19 25.204503 21.673597
8 50 8.876977 7.683050
73 85 46.316573 46.140686
71 58 39.774048 36.280907
79 14 36.306185 43.512611
79 82 36.524127 36.254958
0 2 39.133952 12.041595
1 9 40.239226 4.123106
1 6 36.911062 9.899495
2 8 39.022127 82.036577
2 7 37.864634 51.244512
3 8 36.667877 6.324555
4 9 36.630336 69.354164
5 8 36.082966 79.605276
6 9 38.439041 6.708204
7 9 39.450730 25.298221
