10 10 11868 1550 47 5 0.001000 20
13 81 37.881738 35.125810
80 78 38.388738 40.598172
22 73 21.435743 21.636873
85 16 53.809801 45.498367
50 19 9.275592 8.866676
8 50 23.105792 22.801241
73 85 6.755245 6.164295
71 58 16.489856 19.617907
79 14 26.684441 32.070044
79 82 48.196696 48.809004
0 2 2.729772 12.041595
1 9 0.321607 4.123106
1 6 5.989653 9.899495
2 8 0.211453 82.036577
2 7 0.676350 51.244512
3 8 8.885875 6.324555
4 9 7.040734 69.354164
5 8 9.330710 79.605276
6 9 4.705539 6.708204
7 9 2.702337 25.298221
