10 10 12575 597 141 25 0.010000 20
13 81 26.181304 28.764884
80 78 30.908393 37.739699
22 73 8.925450 8.948722
85 16 2.252114 2.189458
50 19 2.667323 3.329054
8 50 28.714357 34.912811
73 85 20.494953 20.679561
71 58 15.658907 14.614509
79 14 1.959742 2.093204
79 82 42.003470 42.071788
0 2 5.150680 12.041595
1 9 7.707932 4.123106
1 6 6.501364 9.899495
2 8 7.612920 82.036577
2 7 2.233645 51.244512
3 8 5.614482 6.324555
4 9 8.398268 69.354164
5 8 0.882501 79.605276
6 9 8.077410 6.708204
7 9 6.474722 25.298221
