10 10 13272 4253 99 8 0.001000 20
13 81 33.661140 29.858132
80 78 45.781232 40.120270
22 73 8.412216 9.702047
85 16 15.800913 15.812183
50 19 14.739853 13.581342
8 50 16.933509 15.130416
73 85 15.620412 14.146793
71 58 51.947914 43.827913
79 14 35.294016 43.110171
79 82 41.753687 35.528298
0 2 16.918351 12.041595
1 9 15.624936 4.123106
1 6 17.516218 9.899495
2 8 20.608344 82.036577
2 7 16.961381 51.244512
3 8 15.816675 6.324555
4 9 23.405192 69.354164
5 8 21.116466 79.605276
6 9 21.812728 6.708204
7 9 24.756523 25.298221
