10 10 10795 591 997 995 1.000000 20
13 81 22.453635 23.363846
80 78 16.100026 16.529976
22 73 29.819773 25.508524
85 16 12.410644 10.841323
50 19 0.523923 0.634408
8 50 7.848205 6.573306
73 85 21.621750 23.534805
71 58 10.167639 11.758905
79 14 49.197551 42.120935
79 82 40.015142 49.684955
0 2 3.442616 12.041595
1 9 0.294094 4.123106
1 6 1.493067 9.899495
2 8 2.579318 82.036577
2 7 8.629263 51.244512
3 8 5.774524 6.324555
4 9 4.561179 69.354164
5 8 1.633867 79.605276
6 9 8.589047 6.708204
7 9 9.345373 25.298221
