9 11 11368 413 997 998 1.000000 20
34 60 16.553502 18.702204
68 1 36.191035 45.117899
84 62 44.620899 47.367508
43 75 7.943763 8.465520
39 61 14.481204 16.750961
35 58 13.821542 13.660242
36 66 3.003356 2.576725
66 28 23.511881 28.687702
48 43 33.235657 27.721400
0 5 8.620937 2.236068
0 4 6.497942 5.099020
1 4 4.511680 66.640828
1 2 1.404675 63.063460
2 8 2.209282 40.706265
2 4 9.953930 45.011110
3 8 9.012547 32.388269
3 5 0.136744 18.788294
4 7 3.752244 42.638011
5 7 5.330108 43.139309
5 6 6.257684 8.062258
