10 10 10727 484 90 7 0.001000 20
13 81 19.755175 23.008927
80 78 33.587885 40.390672
22 73 12.608569 11.442433
85 16 12.055735 14.385075
50 19 39.405754 47.812707
8 50 9.343772 9.856280
73 85 4.878775 4.833384
71 58 44.025162 48.031845
79 14 47.824350 49.020246
79 82 44.815648 41.870170
0 2 19.038761 12.041595
1 9 18.895059 4.123106
1 6 24.462666 9.899495
2 8 17.649386 82.036577
2 7 24.264010 51.244512
3 8 17.400032 6.324555
4 9 17.122719 69.354164
5 8 18.595525 79.605276
6 9 16.287599 6.708204
7 9 15.010630 25.298221
