9 11 13318 316 193 49 0.010000 20
34 60 52.643858 45.459890
68 1 49.262812 48.271818
84 62 21.028905 20.785970
43 75 2.183766 2.255559
39 61 13.200824 14.452522
35 58 10.896376 12.169007
36 66 48.838040 46.278707
66 28 9.974186 8.835247
48 43 10.398223 8.744480
0 5 36.906249 2.236068
0 4 39.865541 5.099020
1 4 43.499749 66.640828
1 2 42.057149 63.063460
2 8 40.055021 40.706265
2 4 41.013683 45.011110
3 8 40.087238 32.388269
3 5 39.527566 18.788294
4 7 44.392166 42.638011
5 7 36.966646 43.139309
5 6 43.115108 8.062258
