9 11 12121 855 191 47 0.010000 20
34 60 35.390621 38.940180
68 1 1.324653 1.335518
84 62 22.478834 18.813627
43 75 15.235130 13.805842
39 61 22.839395 20.596386
35 58 25.472124 29.379834
36 66 47.311469 44.799111
66 28 20.275797 17.614648
48 43 10.824142 12.599554
0 5 41.684101 2.236068
0 4 35.408776 5.099020
1 4 37.804351 66.640828
1 2 41.709481 63.063460
2 8 35.410722 40.706265
2 4 38.727129 45.011110
3 8 35.489987 32.388269
3 5 40.605869 18.788294
4 7 40.822407 42.638011
5 7 41.253315 43.139309
5 6 36.310364 8.062258
