10 10 142 894 43 5 0.001000 20
13 81 4.413165 4.520090
80 78 26.934645 26.377369
22 73 39.453062 39.182767
85 16 38.331824 44.279990
50 19 48.755400 49.077492
8 50 24.124584 25.607329
73 85 9.303327 9.158022
71 58 37.814158 35.067987
79 14 18.602908 20.487960
79 82 12.912103 13.108466
0 2 0.484918 12.041595
1 9 8.313170 4.123106
1 6 1.422118 9.899495
2 8 6.595998 82.036577
2 7 8.672953 51.244512
3 8 9.757613 6.324555
4 9 0.214098 69.354164
5 8 2.414358 79.605276
6 9 3.276670 6.708204
7 9 1.545203 25.298221
