9 11 12666 516 99 7 0.001000 20
34 60 41.540983 38.543523
68 1 51.478465 47.102891
84 62 14.384821 12.375345
43 75 13.484360 11.400525
39 61 9.547927 8.251730
35 58 23.451269 28.444998
36 66 5.796864 5.828733
66 28 44.907534 48.862218
48 43 9.015591 8.657738
0 5 19.491175 2.236068
0 4 22.060699 5.099020
1 4 20.550639 66.640828
1 2 18.617055 63.063460
2 8 21.952445 40.706265
2 4 22.757516 45.011110
3 8 21.937739 32.388269
3 5 20.825173 18.788294
4 7 18.919341 42.638011
5 7 16.350002 43.139309
5 6 21.700690 8.062258
