9 11 11131 701 995 995 1.000000 20
34 60 43.122450 47.075705
68 1 33.371350 37.502000
84 62 11.433797 13.523157
43 75 14.414308 14.627251
39 61 5.575522 4.859710
35 58 8.154396 9.628631
36 66 42.504511 37.475983
66 28 43.393596 46.562718
48 43 40.255747 39.589451
0 5 49.934027 2.236068
0 4 40.771871 5.099020
1 4 46.513492 66.640828
1 2 47.474105 63.063460
2 8 42.694795 40.706265
2 4 43.442733 45.011110
3 8 47.761904 32.388269
3 5 45.976868 18.788294
4 7 44.266417 42.638011
5 7 41.256645 43.139309
5 6 48.027233 8.062258
