10 10 1179 459 999 997 1.000000 20
13 81 0.897359 0.895758
80 78 27.903711 23.627854
22 73 37.481691 31.286858
85 16 4.313878 4.850680
50 19 5.245651 6.361876
8 50 42.790768 39.698253
73 85 37.802941 36.407890
71 58 16.887075 15.761121
79 14 46.927619 45.588722
79 82 8.890872 8.959635
0 2 49.941667 12.041595
1 9 44.620896 4.123106
1 6 47.909034 9.899495
2 8 47.940998 82.036577
2 7 47.354791 51.244512
3 8 49.429485 6.324555
4 9 45.020087 69.354164
5 8 48.673979 79.605276
6 9 44.888193 6.708204
7 9 48.840279 25.298221
