9 11 10886 752 999 999 1.000000 20
34 60 26.746097 23.674536
68 1 2.791481 2.518426
84 62 16.778760 15.239932
43 75 41.566947 44.360142
39 61 43.847616 36.650341
35 58 47.134420 45.777202
36 66 45.557778 40.502949
66 28 22.290332 22.856117
48 43 8.819468 10.349042
0 5 9.569362 2.236068
0 4 6.333053 5.099020
1 4 9.486294 66.640828
1 2 2.817622 63.063460
2 8 0.882235 40.706265
2 4 4.029885 45.011110
3 8 6.868758 32.388269
3 5 8.498506 18.788294
4 7 3.729511 42.638011
5 7 5.093547 43.139309
5 6 2.048421 8.062258
