9 11 12545 1476 90 8 0.001000 20
34 60 29.588416 26.248331
68 1 6.821289 6.538880
84 62 4.780706 5.832743
43 75 47.872222 48.042927
39 61 50.891091 43.679637
35 58 19.920756 18.071295
36 66 27.966062 26.953041
66 28 21.625581 18.434950
48 43 32.707531 31.298768
0 5 19.692009 2.236068
0 4 15.583924 5.099020
1 4 17.877888 66.640828
1 2 20.157498 63.063460
2 8 24.068276 40.706265
2 4 21.736044 45.011110
3 8 22.292866 32.388269
3 5 15.283866 18.788294
4 7 21.463838 42.638011
5 7 16.572248 43.139309
5 6 17.973583 8.062258
