10 10 12606 648 999 995 1.000000 20
13 81 19.197322 21.505572
80 78 31.756806 32.180344
22 73 0.235846 0.202661
85 16 32.691675 31.987605
50 19 40.183834 49.705835
8 50 51.434938 43.842013
73 85 22.340388 18.800399
71 58 31.549871 38.412300
79 14 37.055271 35.248751
79 82 12.930585 14.735084
0 2 46.862970 12.041595
1 9 48.218105 4.123106
1 6 48.552916 9.899495
2 8 46.359081 82.036577
2 7 44.009008 51.244512
3 8 49.706277 6.324555
4 9 42.372681 69.354164
5 8 43.492988 79.605276
6 9 43.623895 6.708204
7 9 42.047201 25.298221
