10 10 12484 299 198 48 0.010000 20
13 81 26.661829 25.079373
80 78 28.071778 26.544509
22 73 11.999160 12.604282
85 16 22.150933 25.839890
50 19 12.916637 10.860267
8 50 24.226829 25.965580
73 85 34.070870 41.530405
71 58 37.928357 40.851632
79 14 35.627449 31.922922
79 82 28.724533 30.312570
0 2 40.846613 12.041595
1 9 43.959668 4.123106
1 6 42.570863 9.899495
2 8 44.317651 82.036577
2 7 40.304453 51.244512
3 8 36.559708 6.324555
4 9 35.285407 69.354164
5 8 40.142533 79.605276
6 9 44.344421 6.708204
7 9 40.189185 25.298221
