10 10 13340 815 994 996 1.000000 20
13 81 18.243859 22.079853
80 78 3.935409 3.953994
22 73 30.318493 29.528153
85 16 54.410382 47.503205
50 19 55.652423 47.690020
8 50 19.097325 23.388701
73 85 24.092910 25.582572
71 58 24.285364 20.571867
79 14 5.964330 5.458878
79 82 3.755524 3.154867
0 2 43.221537 12.041595
1 9 48.639430 4.123106
1 6 48.607827 9.899495
2 8 47.780263 82.036577
2 7 46.925961 51.244512
3 8 48.496325 6.324555
4 9 42.346918 69.354164
5 8 45.089299 79.605276
6 9 44.774088 6.708204
7 9 40.698306 25.298221
