10 10 10931 3114 92 9 0.001000 20
13 81 26.686676 28.368312
80 78 53.499192 48.289208
22 73 22.507844 27.740704
85 16 13.257934 11.548398
50 19 22.990218 26.704534
8 50 37.597510 44.660764
73 85 37.440054 45.135461
71 58 38.499426 32.227577
79 14 20.244324 24.979985
79 82 45.758405 39.153115
0 2 24.859305 12.041595
1 9 22.974325 4.123106
1 6 16.383461 9.899495
2 8 18.767365 82.036577
2 7 16.467683 51.244512
3 8 24.803484 6.324555
4 9 20.397638 69.354164
5 8 24.886752 79.605276
6 9 21.360092 6.708204
7 9 21.840454 25.298221
