9 11 10954 779 192 48 0.010000 20
34 60 26.791023 23.998781
68 1 46.377966 45.044128
84 62 1.879352 1.672904
43 75 43.095029 38.377826
39 61 38.395695 42.468238
35 58 7.745110 9.291085
36 66 4.455042 4.772749
66 28 16.283056 17.563153
48 43 24.509387 22.082322
0 5 41.399713 2.236068
0 4 41.911247 5.099020
1 4 38.213866 66.640828
1 2 40.568989 63.063460
2 8 40.541359 40.706265
2 4 37.016664 45.011110
3 8 42.634096 32.388269
3 5 35.564716 18.788294
4 7 44.638294 42.638011
5 7 38.617995 43.139309
5 6 37.416211 8.062258
