9 11 13204 825 96 6 0.001000 20
34 60 26.521489 23.841239
68 1 14.398266 16.543818
84 62 49.563251 45.738154
43 75 40.941872 34.568158
39 61 51.269249 42.957855
35 58 39.377081 36.639184
36 66 43.948151 45.082141
66 28 12.166137 11.437139
48 43 16.441054 14.432775
0 5 23.932330 2.236068
0 4 17.947088 5.099020
1 4 18.522837 66.640828
1 2 23.545650 63.063460
2 8 23.893226 40.706265
2 4 23.537347 45.011110
3 8 18.185246 32.388269
3 5 24.256491 18.788294
4 7 24.390991 42.638011
5 7 16.475798 43.139309
5 6 17.175158 8.062258
