9 11 12060 444 997 997 1.000000 20
34 60 17.764588 16.419370
68 1 2.333079 2.289004
84 62 15.353828 17.134338
43 75 24.654134 23.167473
39 61 15.866890 16.496092
35 58 39.148203 45.236759
36 66 11.524752 11.490851
66 28 42.708216 46.948767
48 43 19.049109 18.740096
0 5 41.016187 2.236068
0 4 47.185298 5.099020
1 4 41.955109 66.640828
1 2 40.128227 63.063460
2 8 44.671071 40.706265
2 4 46.789604 45.011110
3 8 47.583989 32.388269
3 5 43.123736 18.788294
4 7 44.642077 42.638011
5 7 44.086337 43.139309
5 6 41.057142 8.062258
