9 11 14358 305 198 47 0.010000 20
34 60 21.156997 21.845979
68 1 26.252075 24.464598
84 62 19.037889 21.800898
43 75 16.400053 15.982748
39 61 25.279300 29.453021
35 58 12.046684 14.393697
36 66 35.873341 44.713651
66 28 16.588232 16.217894
48 43 12.736113 13.120482
0 5 39.786554 2.236068
0 4 41.181953 5.099020
1 4 36.378576 66.640828
1 2 36.866118 63.063460
2 8 44.870924 40.706265
2 4 35.560831 45.011110
3 8 39.144115 32.388269
3 5 42.175479 18.788294
4 7 38.912479 42.638011
5 7 36.973932 43.139309
5 6 41.175030 8.062258
