9 11 14410 363 96 9 0.001000 20
34 60 49.899871 49.271057
68 1 6.110809 6.739322
84 62 7.401822 8.403826
43 75 37.277599 35.466881
39 61 5.661700 7.029818
35 58 49.752982 42.555700
36 66 19.975315 17.644654
66 28 32.421857 32.769732
48 43 13.140251 12.160731
0 5 16.194025 2.236068
0 4 23.769768 5.099020
1 4 21.963818 66.640828
1 2 24.385434 63.063460
2 8 19.687295 40.706265
2 4 17.820452 45.011110
3 8 15.617057 32.388269
3 5 18.641813 18.788294
4 7 16.056286 42.638011
5 7 18.464293 43.139309
5 6 15.507860 8.062258
