10 10 13727 876 94 5 0.001000 20
13 81 17.197785 18.987354
80 78 3.994393 3.399007
22 73 12.210185 12.372437
85 16 19.609978 17.960353
50 19 3.538654 3.050788
8 50 26.334054 26.668469
73 85 5.100076 6.005984
71 58 40.283376 49.427643
79 14 28.368104 25.601133
79 82 50.087997 42.818049
0 2 19.407977 12.041595
1 9 23.448945 4.123106
1 6 15.424143 9.899495
2 8 19.579156 82.036577
2 7 15.878902 51.244512
3 8 23.494096 6.324555
4 9 20.744934 69.354164
5 8 21.872425 79.605276
6 9 23.638043 6.708204
7 9 16.519979 25.298221
