9 11 13477 1070 147 29 0.010000 20
34 60 8.609358 7.784185
68 1 9.290146 10.897047
84 62 23.973314 27.665119
43 75 44.887243 45.949049
39 61 27.908564 34.397063
35 58 37.032830 35.463261
36 66 34.859711 29.739549
66 28 8.225982 8.908633
48 43 20.267420 18.156371
0 5 5.836190 2.236068
0 4 8.996062 5.099020
1 4 7.741720 66.640828
1 2 7.477982 63.063460
2 8 5.588214 40.706265
2 4 1.358022 45.011110
3 8 6.923829 32.388269
3 5 1.292122 18.788294
4 7 9.949231 42.638011
5 7 0.837720 43.139309
5 6 3.218021 8.062258
