10 10 14615 419 147 27 0.010000 20
13 81 9.391301 11.338882
80 78 32.618633 37.951739
22 73 37.449236 42.061998
85 16 52.216451 48.800135
50 19 0.493188 0.466839
8 50 47.773791 49.333780
73 85 39.082718 36.489751
71 58 13.873753 14.571800
79 14 36.511537 40.142466
79 82 27.581471 33.976318
0 2 6.493065 12.041595
1 9 8.238109 4.123106
1 6 6.501662 9.899495
2 8 7.399043 82.036577
2 7 4.336775 51.244512
3 8 0.860673 6.324555
4 9 9.243080 69.354164
5 8 9.662297 79.605276
6 9 7.638797 6.708204
7 9 6.657934 25.298221
