10 10 15628 594 142 26 0.010000 20
13 81 10.642603 12.901225
80 78 10.947790 13.569971
22 73 12.839643 12.877702
85 16 12.673874 14.725980
50 19 20.370263 18.490510
8 50 43.888502 48.778089
73 85 28.206420 25.706777
71 58 21.055403 17.647990
79 14 16.734416 17.390004
79 82 5.676648 6.044457
0 2 6.105922 12.041595
1 9 5.122018 4.123106
1 6 9.465365 9.899495
2 8 7.548618 82.036577
2 7 7.186264 51.244512
3 8 6.336468 6.324555
4 9 7.948798 69.354164
5 8 7.583330 79.605276
6 9 5.347320 6.708204
7 9 8.113171 25.298221
