10 10 14000 2080 990 996 1.000000 20
13 81 9.088073 7.936206
80 78 9.733820 10.629742
22 73 34.422895 34.018614
85 16 14.038864 11.999257
50 19 9.139185 9.907204
8 50 28.940563 26.524088
73 85 34.058537 35.874043
71 58 43.894926 40.738040
79 14 31.876561 37.418204
79 82 38.192259 39.095449
0 2 48.978869 12.041595
1 9 46.119300 4.123106
1 6 46.294931 9.899495
2 8 47.575537 82.036577
2 7 41.843099 51.244512
3 8 40.019442 6.324555
4 9 44.054773 69.354164
5 8 48.358201 79.605276
6 9 45.406673 6.708204
7 9 45.391708 25.298221
