9 11 13454 579 143 29 0.010000 20
34 60 20.782828 25.096042
68 1 33.121156 34.194872
84 62 8.632401 8.896602
43 75 54.150136 45.955008
39 61 16.776213 16.445413
35 58 52.516653 45.263895
36 66 1.858096 1.793838
66 28 36.591102 45.261244
48 43 12.741682 12.964783
0 5 1.537738 2.236068
0 4 8.677813 5.099020
1 4 6.007199 66.640828
1 2 0.484500 63.063460
2 8 8.477311 40.706265
2 4 9.598035 45.011110
3 8 7.925660 32.388269
3 5 3.155285 18.788294
4 7 9.808786 42.638011
5 7 4.540798 43.139309
5 6 3.536628 8.062258
