10 10 13886 268 199 45 0.010000 20
13 81 5.369821 5.668881
80 78 53.327937 48.164470
22 73 12.653329 11.044065
85 16 23.183238 26.122448
50 19 41.849244 48.411669
8 50 4.400412 5.382838
73 85 18.358189 16.975233
71 58 11.398921 13.831806
79 14 2.878589 2.880060
79 82 27.448511 32.493298
0 2 38.463785 12.041595
1 9 37.735227 4.123106
1 6 43.160502 9.899495
2 8 43.060137 82.036577
2 7 40.000509 51.244512
3 8 42.538640 6.324555
4 9 38.672664 69.354164
5 8 41.813811 79.605276
6 9 38.687267 6.708204
7 9 40.448168 25.298221
