9 11 13500 2747 996 996 1.000000 20
34 60 12.995994 10.896593
68 1 23.651739 24.530803
84 62 4.791187 4.213813
43 75 0.080195 0.082183
39 61 8.938232 8.194721
35 58 6.327130 5.996768
36 66 45.308899 44.486357
66 28 42.096001 44.465800
48 43 18.642972 16.566199
0 5 46.196901 2.236068
0 4 40.741125 5.099020
1 4 49.065996 66.640828
1 2 47.890377 63.063460
2 8 45.337006 40.706265
2 4 49.920939 45.011110
3 8 45.587662 32.388269
3 5 41.745234 18.788294
4 7 47.029422 42.638011
5 7 47.910260 43.139309
5 6 49.347906 8.062258
