9 11 14948 1559 146 27 0.010000 20
34 60 37.344954 43.297850
68 1 39.382834 46.301102
84 62 21.867171 19.440396
43 75 18.424739 16.755749
39 61 27.280625 33.654422
35 58 39.183116 35.659199
36 66 17.341041 19.758182
66 28 17.138619 19.480074
48 43 12.517979 13.348784
0 5 1.470900 2.236068
0 4 4.280378 5.099020
1 4 3.537169 66.640828
1 2 7.806125 63.063460
2 8 9.172484 40.706265
2 4 8.681379 45.011110
3 8 7.539408 32.388269
3 5 8.872520 18.788294
4 7 5.778344 42.638011
5 7 4.343247 43.139309
5 6 5.482990 8.062258
