9 11 14769 891 145 26 0.010000 20
34 60 6.281532 5.312926
68 1 9.919959 10.622455
84 62 15.464249 13.345499
43 75 14.311815 15.630920
39 61 4.645799 5.131145
35 58 32.266889 27.521091
36 66 39.200915 47.050590
66 28 3.091665 2.983366
48 43 12.060049 12.781634
0 5 1.900350 2.236068
0 4 6.957933 5.099020
1 4 8.197197 66.640828
1 2 9.219128 63.063460
2 8 3.041584 40.706265
2 4 4.739552 45.011110
3 8 4.895286 32.388269
3 5 4.175767 18.788294
4 7 2.701015 42.638011
5 7 4.731112 43.139309
5 6 1.585241 8.062258
