9 11 1410 1893 45 8 0.001000 20
34 60 46.338465 45.777861
68 1 23.369304 24.391315
84 62 37.391912 45.622528
43 75 6.483765 5.536097
39 61 7.480899 7.075459
35 58 9.146630 9.627201
36 66 46.686147 38.948302
66 28 40.704728 36.622053
48 43 26.911945 26.150414
0 5 7.157669 2.236068
0 4 7.635837 5.099020
1 4 0.720313 66.640828
1 2 1.091073 63.063460
2 8 2.997568 40.706265
2 4 1.256625 45.011110
3 8 7.419627 32.388269
3 5 6.103930 18.788294
4 7 1.722442 42.638011
5 7 5.362493 43.139309
5 6 2.307582 8.062258
