9 11 14435 646 42 5 0.001000 20
34 60 39.562201 47.700690
68 1 7.251208 6.347621
84 62 18.716297 19.391964
43 75 9.623668 11.076116
39 61 29.364338 32.378055
35 58 0.427563 0.462404
36 66 11.182480 9.449036
66 28 28.552476 34.830623
48 43 40.940000 43.392249
0 5 7.259365 2.236068
0 4 9.101203 5.099020
1 4 9.325148 66.640828
1 2 8.809219 63.063460
2 8 4.609149 40.706265
2 4 2.532487 45.011110
3 8 8.861244 32.388269
3 5 7.808860 18.788294
4 7 8.687272 42.638011
5 7 4.363683 43.139309
5 6 9.803257 8.062258
