10 10 13931 1000 40 9 0.001000 20
13 81 36.422715 41.129244
80 78 3.847070 3.878817
22 73 9.592382 10.333116
85 16 18.516500 20.597936
50 19 22.067239 18.675911
8 50 22.547038 21.127455
73 85 30.841592 26.848556
71 58 22.036214 22.664795
79 14 42.857426 41.693016
79 82 4.091756 3.749412
0 2 3.062836 12.041595
1 9 4.744174 4.123106
1 6 1.874772 9.899495
2 8 1.547158 82.036577
2 7 0.310950 51.244512
3 8 6.760405 6.324555
4 9 8.763956 69.354164
5 8 3.334786 79.605276
6 9 1.773971 6.708204
7 9 0.374945 25.298221
