10 10 1307 1726 99 9 0.001000 20
13 81 24.343637 23.431477
80 78 28.680453 28.732419
22 73 27.638813 34.434176
85 16 56.030787 48.552845
50 19 41.547063 37.197995
8 50 25.909782 28.705589
73 85 6.172268 6.714340
71 58 42.292600 43.878788
79 14 6.044534 7.398484
79 82 32.105935 32.941333
0 2 18.114978 12.041595
1 9 17.302308 4.123106
1 6 17.779159 9.899495
2 8 16.796179 82.036577
2 7 22.644283 51.244512
3 8 24.863473 6.324555
4 9 22.670884 69.354164
5 8 19.631978 79.605276
6 9 24.672354 6.708204
7 9 19.188312 25.298221
