9 11 15771 325 99 9 0.001000 20
34 60 18.284186 16.018316
68 1 14.627074 12.891045
84 62 21.618320 21.494843
43 75 14.905427 16.268581
39 61 15.001143 13.153071
35 58 36.666242 42.276526
36 66 18.657518 17.845780
66 28 16.566563 15.538373
48 43 31.496640 38.435659
0 5 23.291346 2.236068
0 4 18.126560 5.099020
1 4 23.848399 66.640828
1 2 20.470205 63.063460
2 8 22.287083 40.706265
2 4 15.891045 45.011110
3 8 24.765817 32.388269
3 5 22.513714 18.788294
4 7 20.705561 42.638011
5 7 16.646699 43.139309
5 6 19.878412 8.062258
