10 10 15714 2805 198 48 0.010000 20
13 81 0.152259 0.140678
80 78 21.439056 23.008080
22 73 9.720497 9.403002
85 16 6.362595 7.067725
50 19 27.979250 32.845569
8 50 38.789571 44.899022
73 85 26.748036 26.865673
71 58 23.586607 20.778410
79 14 29.216335 25.679448
79 82 43.816351 47.671429
0 2 37.400118 12.041595
1 9 39.193747 4.123106
1 6 38.337499 9.899495
2 8 35.207284 82.036577
2 7 36.006399 51.244512
3 8 38.925016 6.324555
4 9 36.875620 69.354164
5 8 44.590962 79.605276
6 9 40.582964 6.708204
7 9 38.489533 25.298221
