10 10 15400 347 40 6 0.001000 20
13 81 4.928660 4.380416
80 78 33.047873 35.463303
22 73 38.489262 35.445311
85 16 5.303121 4.515664
50 19 27.661102 26.765833
8 50 46.040130 46.203256
73 85 28.776348 29.611001
71 58 56.532938 49.076102
79 14 37.391915 45.271932
79 82 23.004096 19.236822
0 2 5.685603 12.041595
1 9 8.440153 4.123106
1 6 8.643014 9.899495
2 8 4.309627 82.036577
2 7 4.926190 51.244512
3 8 0.890252 6.324555
4 9 3.829931 69.354164
5 8 0.205868 79.605276
6 9 9.819150 6.708204
7 9 2.098742 25.298221
