10 10 14102 435 94 8 0.001000 20
13 81 13.982163 13.603014
80 78 4.008077 4.974033
22 73 23.512224 22.201170
85 16 45.753697 49.801679
50 19 38.368410 43.653931
8 50 21.822780 19.978710
73 85 40.783395 35.020804
71 58 12.493192 12.478667
79 14 21.984667 24.651714
79 82 34.289572 41.203807
0 2 21.588866 12.041595
1 9 16.254160 4.123106
1 6 23.508264 9.899495
2 8 22.461650 82.036577
2 7 17.372894 51.244512
3 8 24.123980 6.324555
4 9 18.148470 69.354164
5 8 16.917708 79.605276
6 9 17.624807 6.708204
7 9 22.267691 25.298221
