9 11 13613 1900 95 8 0.001000 20
34 60 41.931484 38.890499
68 1 43.673443 43.340402
84 62 7.783243 7.181364
43 75 14.067526 15.060333
39 61 26.699149 24.455350
35 58 0.367701 0.346638
36 66 16.388949 15.210635
66 28 11.237147 12.563027
48 43 6.278849 5.335493
0 5 19.846728 2.236068
0 4 23.558491 5.099020
1 4 19.253913 66.640828
1 2 16.829510 63.063460
2 8 18.103886 40.706265
2 4 24.187548 45.011110
3 8 21.655366 32.388269
3 5 16.375328 18.788294
4 7 23.954022 42.638011
5 7 21.690277 43.139309
5 6 24.381259 8.062258
