9 11 14564 1589 147 25 0.010000 20
34 60 38.644441 37.003184
68 1 15.311116 15.416970
84 62 26.325888 31.619410
43 75 1.047115 0.908199
39 61 51.081645 49.617117
35 58 46.646930 40.961364
36 66 35.721453 31.167759
66 28 23.158057 24.434811
48 43 0.711960 0.876646
0 5 1.774691 2.236068
0 4 3.780943 5.099020
1 4 9.603449 66.640828
1 2 8.991705 63.063460
2 8 4.835214 40.706265
2 4 1.149723 45.011110
3 8 6.378168 32.388269
3 5 5.037536 18.788294
4 7 6.912193 42.638011
5 7 8.475997 43.139309
5 6 5.773137 8.062258
