9 11 15457 625 45 9 0.001000 20
34 60 18.882800 18.872713
68 1 23.462653 19.731036
84 62 9.791407 8.252335
43 75 16.249726 16.205713
39 61 30.684664 35.655172
35 58 9.280566 10.758226
36 66 17.471733 17.122815
66 28 16.063855 19.226787
48 43 35.309604 31.494672
0 5 8.765388 2.236068
0 4 9.041419 5.099020
1 4 5.375561 66.640828
1 2 1.483201 63.063460
2 8 0.757392 40.706265
2 4 6.981516 45.011110
3 8 6.380632 32.388269
3 5 6.040426 18.788294
4 7 6.603836 42.638011
5 7 9.361355 43.139309
5 6 2.752960 8.062258
