9 11 14717 1998 46 5 0.001000 20
34 60 6.061861 6.659063
68 1 5.438426 5.455039
84 62 41.040555 42.620120
43 75 16.339752 19.354113
39 61 25.633075 27.445601
35 58 50.857091 47.562861
36 66 41.841717 42.622789
66 28 15.010585 15.821572
48 43 37.899298 47.152119
0 5 7.780574 2.236068
0 4 9.253644 5.099020
1 4 7.879787 66.640828
1 2 3.272185 63.063460
2 8 3.818561 40.706265
2 4 6.479530 45.011110
3 8 5.422268 32.388269
3 5 1.850964 18.788294
4 7 6.387414 42.638011
5 7 5.956908 43.139309
5 6 5.292653 8.062258
