10 10 14897 433 199 47 0.010000 20
13 81 46.795877 48.616979
80 78 21.859938 22.191860
22 73 32.209258 39.444143
85 16 9.988223 8.902868
50 19 41.023514 43.137486
8 50 24.502863 21.254193
73 85 53.582674 48.465295
71 58 29.089398 28.749204
79 14 50.199566 45.244210
79 82 31.651343 26.793873
0 2 42.850852 12.041595
1 9 35.596620 4.123106
1 6 44.094668 9.899495
2 8 38.290239 82.036577
2 7 38.420351 51.244512
3 8 39.099506 6.324555
4 9 39.159937 69.354164
5 8 38.707510 79.605276
6 9 37.047620 6.708204
7 9 41.748638 25.298221
