9 11 15942 383 191 47 0.010000 20
34 60 46.398025 48.490245
68 1 29.258658 24.894585
84 62 37.113092 36.410598
43 75 4.458871 4.107175
39 61 15.029317 14.578615
35 58 17.265701 18.075046
36 66 44.025227 46.484302
66 28 2.737205 3.087969
48 43 9.663596 9.717615
0 5 35.896090 2.236068
0 4 42.842707 5.099020
1 4 40.644319 66.640828
1 2 41.847740 63.063460
2 8 37.473735 40.706265
2 4 44.745396 45.011110
3 8 37.166745 32.388269
3 5 39.963417 18.788294
4 7 39.301260 42.638011
5 7 36.748945 43.139309
5 6 35.985401 8.062258
