10 10 15857 306 992 995 1.000000 20
13 81 3.840194 4.462000
80 78 23.703216 20.083003
22 73 16.621277 14.859986
85 16 4.880278 4.075005
50 19 31.637928 33.534153
8 50 40.728066 35.184019
73 85 42.487951 35.814166
71 58 25.482193 24.541725
79 14 0.974080 1.016482
79 82 19.705930 17.704362
0 2 6.586101 12.041595
1 9 6.221957 4.123106
1 6 2.303476 9.899495
2 8 7.784809 82.036577
2 7 4.837701 51.244512
3 8 5.996321 6.324555
4 9 0.347875 69.354164
5 8 1.870286 79.605276
6 9 9.157560 6.708204
7 9 0.380714 25.298221
