10 10 14205 880 41 5 0.001000 20
13 81 18.890101 18.025390
80 78 30.731846 27.564834
22 73 27.572445 27.754882
85 16 20.687880 18.192453
50 19 5.029408 5.659590
8 50 1.985866 2.437536
73 85 12.368997 12.318583
71 58 37.435610 31.546208
79 14 3.930088 3.458544
79 82 28.986936 30.689725
0 2 8.380563 12.041595
1 9 5.530032 4.123106
1 6 4.430205 9.899495
2 8 4.063072 82.036577
2 7 9.624839 51.244512
3 8 2.659494 6.324555
4 9 7.572271 69.354164
5 8 6.596099 79.605276
6 9 1.012691 6.708204
7 9 0.216746 25.298221
