9 11 14384 1778 997 997 1.000000 20
34 60 42.886013 41.528738
68 1 4.974995 6.199151
84 62 6.283199 6.080782
43 75 38.323396 46.201643
39 61 23.452503 23.470341
35 58 48.666368 49.606687
36 66 44.450453 38.856417
66 28 29.509501 30.201231
48 43 49.710815 42.153852
0 5 42.728601 2.236068
0 4 44.605915 5.099020
1 4 45.991176 66.640828
1 2 41.358318 63.063460
2 8 40.877894 40.706265
2 4 41.148821 45.011110
3 8 49.102711 32.388269
3 5 48.123247 18.788294
4 7 41.887849 42.638011
5 7 43.020385 43.139309
5 6 47.459891 8.062258
