9 11 16000 284 148 28 0.010000 20
34 60 19.578629 22.255980
68 1 8.378736 7.530658
84 62 43.095485 43.217530
43 75 2.816258 3.473846
39 61 29.190274 35.232246
35 58 33.323405 34.117401
36 66 37.436738 41.373947
66 28 5.982929 5.146373
48 43 10.124247 9.514228
0 5 8.666227 2.236068
0 4 9.713007 5.099020
1 4 6.709628 66.640828
1 2 6.438811 63.063460
2 8 6.851936 40.706265
2 4 9.001032 45.011110
3 8 4.647652 32.388269
3 5 1.604097 18.788294
4 7 8.683784 42.638011
5 7 1.065119 43.139309
5 6 7.702860 8.062258
