10 10 1589 476 143 29 0.010000 20
13 81 30.920469 36.949807
80 78 4.931823 5.522555
22 73 18.160125 19.354202
85 16 32.956388 36.579681
50 19 22.196764 22.520500
8 50 36.216741 36.826803
73 85 1.033816 0.881942
71 58 19.759328 20.168741
79 14 22.150218 22.093000
79 82 4.928816 4.676564
0 2 3.288003 12.041595
1 9 8.936804 4.123106
1 6 4.325576 9.899495
2 8 4.765016 82.036577
2 7 2.092784 51.244512
3 8 2.368359 6.324555
4 9 9.682624 69.354164
5 8 8.193759 79.605276
6 9 1.732289 6.708204
7 9 6.841322 25.298221
