10 10 18239 1440 140 26 0.010000 20
13 81 42.146246 46.602877
80 78 43.823746 42.366942
22 73 45.987893 41.483598
85 16 58.258497 49.429414
50 19 16.836481 16.912820
8 50 17.330435 20.531851
73 85 27.493569 22.917979
71 58 18.641861 16.974321
79 14 14.436229 16.672723
79 82 29.451749 36.750934
0 2 3.598772 12.041595
1 9 6.348675 4.123106
1 6 1.795250 9.899495
2 8 0.763108 82.036577
2 7 0.612458 51.244512
3 8 6.631203 6.324555
4 9 4.063096 69.354164
5 8 0.745494 79.605276
6 9 1.268764 6.708204
7 9 6.248720 25.298221
