10 10 17238 1235 149 29 0.010000 20
13 81 9.779672 12.194746
80 78 17.443755 14.589177
22 73 2.412186 2.159374
85 16 37.811840 40.413024
50 19 31.216120 30.862812
8 50 1.057480 1.231180
73 85 33.011130 27.945895
71 58 2.654283 2.817170
79 14 23.752973 22.763983
79 82 39.728033 41.968946
0 2 5.365978 12.041595
1 9 3.218811 4.123106
1 6 0.697091 9.899495
2 8 0.844114 82.036577
2 7 6.425864 51.244512
3 8 1.023971 6.324555
4 9 6.015294 69.354164
5 8 7.076115 79.605276
6 9 4.086562 6.708204
7 9 8.484472 25.298221
