10 10 17928 1320 90 7 0.001000 20
13 81 50.452792 49.234771
80 78 33.228888 34.474355
22 73 8.650891 7.636804
85 16 3.968007 3.616067
50 19 20.590635 18.683578
8 50 33.444701 32.125414
73 85 25.464741 30.388294
71 58 8.797975 7.463895
79 14 11.232444 12.671208
79 82 14.560538 16.679432
0 2 18.615500 12.041595
1 9 18.127359 4.123106
1 6 18.877241 9.899495
2 8 24.813333 82.036577
2 7 23.555271 51.244512
3 8 23.699469 6.324555
4 9 22.730442 69.354164
5 8 16.233258 79.605276
6 9 23.999331 6.708204
7 9 15.057808 25.298221
