9 11 17357 266 998 999 1.000000 20
34 60 6.200605 5.179879
68 1 15.474769 14.302852
84 62 10.792469 12.998142
43 75 41.557838 44.193975
39 61 50.757654 47.015013
35 58 3.385857 3.141584
36 66 2.431463 2.376687
66 28 48.582208 47.680200
48 43 17.454089 21.061420
0 5 41.965619 2.236068
0 4 48.043824 5.099020
1 4 42.112796 66.640828
1 2 41.009721 63.063460
2 8 43.012469 40.706265
2 4 42.104710 45.011110
3 8 45.377102 32.388269
3 5 48.172822 18.788294
4 7 47.441103 42.638011
5 7 48.328043 43.139309
5 6 43.509528 8.062258
