9 11 17714 532 999 997 1.000000 20
34 60 34.448776 29.365712
68 1 21.529035 20.241561
84 62 19.266193 20.097541
43 75 45.757168 38.888761
39 61 31.598903 37.527813
35 58 31.235881 33.803353
36 66 38.328563 45.454303
66 28 29.972992 32.867417
48 43 33.439564 39.280041
0 5 1.339206 2.236068
0 4 3.483910 5.099020
1 4 5.932072 66.640828
1 2 8.198942 63.063460
2 8 7.547791 40.706265
2 4 2.956404 45.011110
3 8 4.983382 32.388269
3 5 8.113108 18.788294
4 7 3.340709 42.638011
5 7 3.800462 43.139309
5 6 1.315857 8.062258
