10 10 18108 298 45 7 0.001000 20
13 81 34.196518 31.128952
80 78 7.316912 7.685128
22 73 25.687040 22.741702
85 16 35.586289 31.675551
50 19 5.080320 5.988671
8 50 27.067661 26.890388
73 85 33.201475 31.848007
71 58 29.714439 26.105985
79 14 41.388604 36.299210
79 82 33.255219 40.221565
0 2 6.031345 12.041595
1 9 5.158958 4.123106
1 6 7.871857 9.899495
2 8 2.154609 82.036577
2 7 1.422010 51.244512
3 8 2.605359 6.324555
4 9 8.448567 69.354164
5 8 3.944708 79.605276
6 9 3.768056 6.708204
7 9 6.583611 25.298221
