9 11 16500 266 141 26 0.010000 20
34 60 46.265759 42.206438
68 1 10.331210 10.973904
84 62 48.841735 42.329242
43 75 44.660708 41.233065
39 61 20.043968 18.654959
35 58 28.743871 33.864922
36 66 1.849225 1.587775
66 28 4.646894 5.493641
48 43 39.721069 45.377810
0 5 9.056209 2.236068
0 4 5.553800 5.099020
1 4 1.609603 66.640828
1 2 0.407904 63.063460
2 8 2.071223 40.706265
2 4 9.620234 45.011110
3 8 9.720766 32.388269
3 5 3.437427 18.788294
4 7 3.398981 42.638011
5 7 4.793297 43.139309
5 6 1.344551 8.062258
