10 10 16386 1098 40 9 0.001000 20
13 81 36.340265 43.489725
80 78 14.809935 15.032132
22 73 10.503211 9.014138
85 16 6.845525 8.110189
50 19 12.365126 12.172846
8 50 30.555588 33.686217
73 85 11.121569 11.559831
71 58 16.957059 17.228002
79 14 40.531746 48.424539
79 82 24.074330 28.094596
0 2 2.205862 12.041595
1 9 9.472988 4.123106
1 6 4.916141 9.899495
2 8 1.648804 82.036577
2 7 5.624599 51.244512
3 8 4.333838 6.324555
4 9 1.217019 69.354164
5 8 0.759071 79.605276
6 9 2.440101 6.708204
7 9 7.981565 25.298221
