10 10 16272 1688 140 29 0.010000 20
13 81 24.241017 23.581321
80 78 8.144534 8.943249
22 73 29.569695 31.907574
85 16 10.371444 10.787831
50 19 38.889594 32.962364
8 50 2.076984 2.520627
73 85 36.033506 43.920633
71 58 33.770099 36.109196
79 14 15.708310 13.497859
79 82 40.259333 42.799707
0 2 2.666424 12.041595
1 9 9.459329 4.123106
1 6 3.262263 9.899495
2 8 4.336143 82.036577
2 7 4.219607 51.244512
3 8 4.730748 6.324555
4 9 9.072382 69.354164
5 8 4.744173 79.605276
6 9 2.820514 6.708204
7 9 4.111455 25.298221
