9 11 18260 280 197 47 0.010000 20
34 60 26.469043 29.699813
68 1 16.514480 14.046461
84 62 34.100017 40.827347
43 75 34.025613 30.319199
39 61 13.351734 12.894237
35 58 17.008583 19.298630
36 66 22.793465 23.024384
66 28 3.021141 3.482242
48 43 2.039204 2.491102
0 5 37.715379 2.236068
0 4 37.090215 5.099020
1 4 38.020603 66.640828
1 2 43.148855 63.063460
2 8 43.750956 40.706265
2 4 41.590483 45.011110
3 8 36.434340 32.388269
3 5 44.516384 18.788294
4 7 39.276155 42.638011
5 7 39.218419 43.139309
5 6 35.249755 8.062258
