9 11 18043 412 148 26 0.010000 20
34 60 19.215854 20.804545
68 1 32.646040 38.458636
84 62 42.267978 40.273711
43 75 35.460779 35.246298
39 61 33.899759 29.524932
35 58 40.805523 35.704728
36 66 4.974791 5.277754
66 28 26.579773 26.535780
48 43 14.221418 17.661024
0 5 5.188227 2.236068
0 4 3.355834 5.099020
1 4 2.634435 66.640828
1 2 5.933293 63.063460
2 8 9.417852 40.706265
2 4 4.953509 45.011110
3 8 5.926251 32.388269
3 5 7.785632 18.788294
4 7 2.157188 42.638011
5 7 3.313082 43.139309
5 6 8.080822 8.062258
