9 11 17857 644 146 25 0.010000 20
34 60 20.660654 18.543070
68 1 26.895059 24.311002
84 62 52.533830 45.332186
43 75 33.822620 34.204937
39 61 23.357540 28.601206
35 58 46.980969 49.404468
36 66 4.362009 5.326273
66 28 30.269251 26.102022
48 43 51.179672 47.428015
0 5 9.129102 2.236068
0 4 4.844281 5.099020
1 4 6.829717 66.640828
1 2 9.223037 63.063460
2 8 0.422492 40.706265
2 4 3.983300 45.011110
3 8 1.759008 32.388269
3 5 0.558660 18.788294
4 7 7.564718 42.638011
5 7 1.067667 43.139309
5 6 2.231982 8.062258
