9 11 16340 272 96 5 0.001000 20
34 60 22.413906 22.676618
68 1 2.048899 2.470881
84 62 1.614269 1.451474
43 75 9.524782 7.995612
39 61 30.750063 33.135149
35 58 33.137114 29.301509
36 66 10.324557 9.829871
66 28 49.005737 46.791604
48 43 35.101670 36.022745
0 5 17.280794 2.236068
0 4 18.781187 5.099020
1 4 16.080739 66.640828
1 2 19.164223 63.063460
2 8 22.241593 40.706265
2 4 16.487393 45.011110
3 8 24.761182 32.388269
3 5 17.773361 18.788294
4 7 19.351723 42.638011
5 7 22.192905 43.139309
5 6 23.590678 8.062258
