9 11 18195 1155 98 8 0.001000 20
34 60 20.207213 20.497466
68 1 33.382270 41.479079
84 62 8.373285 7.097809
43 75 52.490187 45.584179
39 61 15.296751 18.050458
35 58 0.839016 0.860513
36 66 0.546036 0.659984
66 28 26.022677 30.252155
48 43 23.344233 27.001201
0 5 18.179247 2.236068
0 4 21.742557 5.099020
1 4 23.274561 66.640828
1 2 15.843488 63.063460
2 8 21.585297 40.706265
2 4 21.502076 45.011110
3 8 18.720691 32.388269
3 5 23.896150 18.788294
4 7 15.964199 42.638011
5 7 20.986511 43.139309
5 6 17.827535 8.062258
