9 11 18347 1120 46 7 0.001000 20
34 60 36.873713 35.657888
68 1 20.135642 24.318254
84 62 32.608843 29.769001
43 75 28.602747 31.418690
39 61 54.801382 47.541722
35 58 6.497496 7.260696
36 66 8.195490 10.076157
66 28 4.569954 5.697994
48 43 26.729754 24.430670
0 5 5.630163 2.236068
0 4 4.370712 5.099020
1 4 9.483576 66.640828
1 2 3.401491 63.063460
2 8 7.002950 40.706265
2 4 4.671919 45.011110
3 8 2.189929 32.388269
3 5 3.882332 18.788294
4 7 1.207282 42.638011
5 7 1.282000 43.139309
5 6 4.650620 8.062258
