10 10 17904 3602 99 5 0.001000 20
13 81 13.540217 13.561460
80 78 43.336702 40.134293
22 73 31.166277 31.041731
85 16 40.841607 42.700582
50 19 27.091504 27.320524
8 50 11.545942 10.515081
73 85 18.323812 17.471826
71 58 15.260927 14.303171
79 14 15.966410 14.204260
79 82 38.710104 36.636296
0 2 21.717605 12.041595
1 9 24.829768 4.123106
1 6 24.669181 9.899495
2 8 19.696862 82.036577
2 7 19.991629 51.244512
3 8 18.491723 6.324555
4 9 24.228389 69.354164
5 8 21.975525 79.605276
6 9 22.958048 6.708204
7 9 17.249744 25.298221
