9 11 16818 3372 93 8 0.001000 20
34 60 43.353573 47.498093
68 1 6.111216 7.326433
84 62 55.209650 49.903044
43 75 4.355406 3.742003
39 61 37.263012 37.004119
35 58 33.453866 29.837217
36 66 11.683010 12.376201
66 28 30.382577 35.863944
48 43 46.074793 42.236073
0 5 16.699766 2.236068
0 4 21.945879 5.099020
1 4 15.097639 66.640828
1 2 20.189346 63.063460
2 8 21.405923 40.706265
2 4 19.158328 45.011110
3 8 15.534070 32.388269
3 5 16.170578 18.788294
4 7 16.460024 42.638011
5 7 18.243226 43.139309
5 6 20.989967 8.062258
