9 11 19347 1465 140 27 0.010000 20
34 60 35.862636 30.640609
68 1 19.159340 21.950572
84 62 0.463722 0.517028
43 75 28.509986 27.945208
39 61 23.135598 19.612364
35 58 10.949215 9.338067
36 66 43.137849 47.104199
66 28 23.379073 20.276120
48 43 35.886384 41.533832
0 5 1.033499 2.236068
0 4 8.434858 5.099020
1 4 1.347803 66.640828
1 2 1.730125 63.063460
2 8 3.366849 40.706265
2 4 1.020319 45.011110
3 8 6.223905 32.388269
3 5 3.193008 18.788294
4 7 1.628390 42.638011
5 7 7.376793 43.139309
5 6 8.387743 8.062258
