9 11 19847 827 997 999 1.000000 20
34 60 11.443622 11.278485
68 1 1.665196 1.709082
84 62 13.467791 15.492559
43 75 39.063386 41.347726
39 61 5.011620 4.862774
35 58 33.772086 31.097544
36 66 29.411212 29.119252
66 28 22.628518 27.839799
48 43 6.862005 8.549039
0 5 40.310341 2.236068
0 4 40.059187 5.099020
1 4 49.615771 66.640828
1 2 46.090567 63.063460
2 8 41.045128 40.706265
2 4 43.507482 45.011110
3 8 40.190901 32.388269
3 5 40.854104 18.788294
4 7 49.325038 42.638011
5 7 42.818269 43.139309
5 6 43.428892 8.062258
