9 11 18695 688 41 9 0.001000 20
34 60 4.362779 4.720909
68 1 17.016393 20.591475
84 62 37.628423 35.194873
43 75 19.124998 18.792409
39 61 26.900081 33.075013
35 58 7.081050 6.393541
36 66 35.025157 29.880033
66 28 7.399822 8.290879
48 43 21.888240 26.930530
0 5 1.884410 2.236068
0 4 8.926429 5.099020
1 4 7.615931 66.640828
1 2 3.771657 63.063460
2 8 2.524256 40.706265
2 4 2.484184 45.011110
3 8 7.691521 32.388269
3 5 9.270489 18.788294
4 7 0.770551 42.638011
5 7 3.946604 43.139309
5 6 9.330094 8.062258
