10 10 18956 1155 192 45 0.010000 20
13 81 4.133345 3.568079
80 78 14.664484 13.961052
22 73 1.848290 2.071129
85 16 10.703046 12.777622
50 19 40.469525 38.554246
8 50 21.731912 18.937944
73 85 55.177817 46.442301
71 58 39.650504 33.464213
79 14 37.174409 34.196601
79 82 28.647278 32.593127
0 2 41.919919 12.041595
1 9 44.644246 4.123106
1 6 41.057605 9.899495
2 8 40.926350 82.036577
2 7 41.309727 51.244512
3 8 35.181525 6.324555
4 9 37.933124 69.354164
5 8 42.962688 79.605276
6 9 41.442160 6.708204
7 9 36.029847 25.298221
