10 10 1974 454 197 48 0.010000 20
13 81 10.335562 9.099526
80 78 6.285798 7.834038
22 73 10.010806 8.343824
85 16 14.194128 17.647016
50 19 30.485334 26.812358
8 50 7.030819 8.535312
73 85 31.372463 32.800184
71 58 14.425863 16.325598
79 14 46.804526 43.448594
79 82 23.050449 21.909997
0 2 40.173248 12.041595
1 9 37.292200 4.123106
1 6 40.087693 9.899495
2 8 38.278327 82.036577
2 7 40.797225 51.244512
3 8 40.054204 6.324555
4 9 37.436037 69.354164
5 8 44.668947 79.605276
6 9 35.426289 6.708204
7 9 44.451182 25.298221
