9 11 19369 778 99 8 0.001000 20
34 60 35.527196 39.430641
68 1 1.246569 1.437891
84 62 37.791118 42.241304
43 75 1.289933 1.379067
39 61 46.667770 44.831819
35 58 23.639038 27.389185
36 66 34.743819 42.752487
66 28 32.653173 37.225561
48 43 15.933268 15.036924
0 5 20.300680 2.236068
0 4 19.786420 5.099020
1 4 23.518526 66.640828
1 2 16.156894 63.063460
2 8 21.209561 40.706265
2 4 18.782468 45.011110
3 8 21.486400 32.388269
3 5 23.131960 18.788294
4 7 17.923038 42.638011
5 7 23.499231 43.139309
5 6 20.526807 8.062258
