9 11 19586 1488 45 7 0.001000 20
34 60 34.189505 41.759494
68 1 36.306053 37.103893
84 62 44.603092 44.905771
43 75 17.782646 19.974377
39 61 4.728039 5.449422
35 58 34.762657 41.963095
36 66 20.661713 25.154378
66 28 32.995866 30.645557
48 43 37.640469 33.561554
0 5 6.535486 2.236068
0 4 6.199776 5.099020
1 4 8.071844 66.640828
1 2 2.237301 63.063460
2 8 3.658996 40.706265
2 4 3.291687 45.011110
3 8 3.243845 32.388269
3 5 5.530354 18.788294
4 7 6.209042 42.638011
5 7 9.494318 43.139309
5 6 2.300236 8.062258
