9 11 19391 1174 991 998 1.000000 20
34 60 23.120746 21.189257
68 1 3.302799 3.443503
84 62 38.502894 33.105179
43 75 15.997714 17.739190
39 61 28.768791 30.598064
35 58 9.397692 8.211678
36 66 19.906011 16.786947
66 28 10.561985 12.869403
48 43 24.897655 22.068682
0 5 42.000232 2.236068
0 4 41.366029 5.099020
1 4 49.719602 66.640828
1 2 40.069094 63.063460
2 8 46.133251 40.706265
2 4 41.311521 45.011110
3 8 48.194359 32.388269
3 5 47.707797 18.788294
4 7 44.000323 42.638011
5 7 40.893089 43.139309
5 6 41.117782 8.062258
