10 10 18500 1306 193 47 0.010000 20
13 81 21.945671 24.443510
80 78 1.836314 2.180172
22 73 43.878057 47.922745
85 16 51.126248 44.024305
50 19 49.507732 45.163168
8 50 2.143996 2.642356
73 85 33.163270 27.794151
71 58 0.825144 0.866414
79 14 48.453275 48.543782
79 82 19.880311 18.375956
0 2 39.597230 12.041595
1 9 39.524955 4.123106
1 6 42.274713 9.899495
2 8 39.005619 82.036577
2 7 37.279333 51.244512
3 8 36.780104 6.324555
4 9 42.879648 69.354164
5 8 43.716426 79.605276
6 9 44.771843 6.708204
7 9 35.003890 25.298221
