9 11 18543 1883 48 5 0.001000 20
34 60 6.139924 7.247016
68 1 26.827605 32.928933
84 62 37.393491 34.723990
43 75 42.859130 40.716498
39 61 23.917494 29.190300
35 58 32.029009 32.083352
36 66 31.828732 34.420310
66 28 34.170823 34.566758
48 43 47.659109 48.303701
0 5 3.309962 2.236068
0 4 4.342714 5.099020
1 4 6.698485 66.640828
1 2 0.348863 63.063460
2 8 8.454836 40.706265
2 4 2.498322 45.011110
3 8 0.278685 32.388269
3 5 6.018677 18.788294
4 7 8.876787 42.638011
5 7 0.984146 43.139309
5 6 7.229551 8.062258
