10 10 20558 672 142 25 0.010000 20
13 81 10.366318 12.092929
80 78 49.854843 41.806992
22 73 35.167848 38.137034
85 16 2.182180 2.257088
50 19 10.549426 11.071680
8 50 2.662690 3.116875
73 85 5.853395 5.124881
71 58 20.637253 20.278608
79 14 44.189355 37.388907
79 82 37.594138 36.724546
0 2 0.532206 12.041595
1 9 7.618827 4.123106
1 6 4.012256 9.899495
2 8 9.664300 82.036577
2 7 8.599647 51.244512
3 8 1.230037 6.324555
4 9 1.075216 69.354164
5 8 8.383792 79.605276
6 9 4.121633 6.708204
7 9 6.121872 25.298221
