10 10 19826 2101 42 5 0.001000 20
13 81 8.767925 7.953191
80 78 30.228405 28.118294
22 73 5.796717 6.749174
85 16 34.898234 40.685846
50 19 11.424387 12.477335
8 50 1.617503 1.825527
73 85 0.499303 0.494513
71 58 17.335740 15.291110
79 14 53.613059 47.813797
79 82 47.397948 40.613845
0 2 7.273851 12.041595
1 9 4.625945 4.123106
1 6 0.630780 9.899495
2 8 0.643854 82.036577
2 7 0.707818 51.244512
3 8 5.517423 6.324555
4 9 5.427607 69.354164
5 8 6.831114 79.605276
6 9 6.154280 6.708204
7 9 6.704008 25.298221
