10 10 20279 282 196 47 0.010000 20
13 81 30.602577 34.802928
80 78 35.149328 35.214557
22 73 2.321287 2.581545
85 16 12.310537 13.735409
50 19 13.570468 11.908665
8 50 24.170596 29.993404
73 85 25.131214 25.907068
71 58 32.475946 28.326645
79 14 30.246142 37.212439
79 82 8.773186 8.907271
0 2 41.743667 12.041595
1 9 40.840871 4.123106
1 6 37.437900 9.899495
2 8 38.125354 82.036577
2 7 39.630190 51.244512
3 8 42.580865 6.324555
4 9 37.745476 69.354164
5 8 43.395333 79.605276
6 9 36.352554 6.708204
7 9 37.431440 25.298221
