9 11 18478 777 94 8 0.001000 20
34 60 22.193425 23.750902
68 1 1.914516 2.037804
84 62 15.336411 12.933479
43 75 10.542296 11.137934
39 61 20.279470 19.943376
35 58 31.554778 31.639119
36 66 50.212846 45.632429
66 28 38.522625 48.131292
48 43 30.979184 28.429186
0 5 18.026280 2.236068
0 4 15.957829 5.099020
1 4 20.867742 66.640828
1 2 16.063521 63.063460
2 8 20.744320 40.706265
2 4 18.062499 45.011110
3 8 24.626894 32.388269
3 5 16.338667 18.788294
4 7 19.376429 42.638011
5 7 15.829236 43.139309
5 6 17.530353 8.062258
