9 11 1820 652 45 6 0.001000 20
34 60 34.870584 38.712560
68 1 0.015796 0.017655
84 62 11.748863 12.751620
43 75 26.891764 28.875342
39 61 31.866792 28.925258
35 58 58.872439 49.061794
36 66 42.318595 42.313672
66 28 5.787695 5.503401
48 43 45.098424 40.788574
0 5 5.528418 2.236068
0 4 0.650434 5.099020
1 4 5.163875 66.640828
1 2 9.136810 63.063460
2 8 3.326039 40.706265
2 4 1.419304 45.011110
3 8 5.071197 32.388269
3 5 7.554702 18.788294
4 7 3.100370 42.638011
5 7 5.066807 43.139309
5 6 0.813843 8.062258
