9 11 2050 516 995 998 1.000000 20
34 60 28.890710 30.937792
68 1 16.806622 18.680436
84 62 43.733519 36.588217
43 75 17.365894 19.798982
39 61 39.260063 35.258929
35 58 34.467033 41.918729
36 66 1.445433 1.652576
66 28 42.347386 48.850592
48 43 22.221315 21.493981
0 5 44.566569 2.236068
0 4 40.014963 5.099020
1 4 44.558302 66.640828
1 2 42.601002 63.063460
2 8 46.186029 40.706265
2 4 45.007065 45.011110
3 8 43.352179 32.388269
3 5 46.505446 18.788294
4 7 45.214313 42.638011
5 7 42.756927 43.139309
5 6 44.300087 8.062258
