9 11 20511 1756 42 7 0.001000 20
34 60 47.725806 48.881125
68 1 10.866861 12.786566
84 62 31.074052 32.495403
43 75 44.808042 42.244523
39 61 0.195290 0.231422
35 58 3.296196 3.986301
36 66 37.056705 34.343450
66 28 24.035534 21.094306
48 43 35.813875 40.148858
0 5 1.375595 2.236068
0 4 3.079691 5.099020
1 4 8.663244 66.640828
1 2 1.056804 63.063460
2 8 9.882236 40.706265
2 4 0.247048 45.011110
3 8 1.523905 32.388269
3 5 1.946718 18.788294
4 7 8.187999 42.638011
5 7 8.475516 43.139309
5 6 1.063623 8.062258
