10 10 20209 427 998 998 1.000000 20
13 81 35.874364 37.739934
80 78 41.984395 37.576708
22 73 42.364684 36.051361
85 16 3.837718 3.835603
50 19 1.475388 1.326707
8 50 29.984003 29.851753
73 85 20.703704 17.519945
71 58 2.544008 2.291035
79 14 38.898083 43.110719
79 82 31.615484 39.241576
0 2 1.017525 12.041595
1 9 2.333773 4.123106
1 6 9.459408 9.899495
2 8 7.062110 82.036577
2 7 4.165618 51.244512
3 8 6.731569 6.324555
4 9 2.413119 69.354164
5 8 0.701171 79.605276
6 9 9.353448 6.708204
7 9 1.179584 25.298221
