10 10 18760 463 999 998 1.000000 20
13 81 45.617980 43.784081
80 78 16.239098 19.013869
22 73 25.472596 22.387213
85 16 30.992701 27.339382
50 19 3.928335 3.989960
8 50 24.231678 20.948909
73 85 43.609313 38.637674
71 58 20.157348 18.477108
79 14 1.707124 1.926601
79 82 32.881325 40.480205
0 2 43.835841 12.041595
1 9 45.127652 4.123106
1 6 43.995867 9.899495
2 8 43.809034 82.036577
2 7 47.294394 51.244512
3 8 49.161011 6.324555
4 9 49.221929 69.354164
5 8 47.251361 79.605276
6 9 44.061348 6.708204
7 9 44.692544 25.298221
