9 11 19543 421 91 9 0.001000 20
34 60 37.174308 31.157480
68 1 4.468235 5.176008
84 62 22.754206 22.165770
43 75 5.888775 5.428914
39 61 32.703773 34.731218
35 58 49.752428 46.768443
36 66 30.586351 33.800675
66 28 37.579982 42.431584
48 43 28.492440 32.935542
0 5 23.805908 2.236068
0 4 17.984448 5.099020
1 4 21.387965 66.640828
1 2 21.377395 63.063460
2 8 22.847223 40.706265
2 4 20.190046 45.011110
3 8 23.673125 32.388269
3 5 16.839417 18.788294
4 7 18.374610 42.638011
5 7 22.287825 43.139309
5 6 17.981212 8.062258
