9 11 19978 730 94 6 0.001000 20
34 60 37.359647 34.682860
68 1 8.786799 7.610027
84 62 8.538135 10.665177
43 75 45.319742 42.343596
39 61 33.907548 41.759746
35 58 4.964993 5.979393
36 66 7.103737 6.444936
66 28 10.589619 11.387528
48 43 43.244489 40.982648
0 5 23.271210 2.236068
0 4 20.587783 5.099020
1 4 20.173615 66.640828
1 2 18.567052 63.063460
2 8 24.246061 40.706265
2 4 15.811169 45.011110
3 8 22.525857 32.388269
3 5 18.264073 18.788294
4 7 23.415150 42.638011
5 7 24.922259 43.139309
5 6 15.382104 8.062258
