10 10 18847 3308 990 995 1.000000 20
13 81 49.667275 47.792321
80 78 7.488344 7.967533
22 73 4.758826 4.796916
85 16 4.284747 3.845826
50 19 30.265617 27.383145
8 50 44.249687 46.677557
73 85 45.190838 47.474527
71 58 18.534891 15.680672
79 14 7.423570 6.587245
79 82 38.972634 41.006805
0 2 5.332677 12.041595
1 9 6.517079 4.123106
1 6 0.669699 9.899495
2 8 8.161764 82.036577
2 7 8.285447 51.244512
3 8 0.952456 6.324555
4 9 8.550150 69.354164
5 8 5.161379 79.605276
6 9 9.540846 6.708204
7 9 9.732390 25.298221
