10 10 20744 747 998 995 1.000000 20
13 81 18.075670 15.082378
80 78 13.739088 13.993177
22 73 39.152496 33.950053
85 16 17.674920 17.232177
50 19 42.450853 36.752769
8 50 41.004047 39.888024
73 85 11.877821 11.836434
71 58 43.049064 37.516833
79 14 0.176035 0.180133
79 82 25.691982 29.841878
0 2 7.592100 12.041595
1 9 2.225187 4.123106
1 6 1.909174 9.899495
2 8 1.461545 82.036577
2 7 9.974504 51.244512
3 8 8.218718 6.324555
4 9 3.023142 69.354164
5 8 2.032513 79.605276
6 9 5.215339 6.708204
7 9 0.100923 25.298221
