9 11 22000 691 91 7 0.001000 20
34 60 18.859518 23.059137
68 1 50.331638 42.727697
84 62 31.097875 34.215794
43 75 30.700933 31.374077
39 61 41.757988 46.545233
35 58 15.904993 14.684359
36 66 13.331969 13.966065
66 28 19.042578 18.203157
48 43 36.603288 36.923949
0 5 19.016696 2.236068
0 4 20.462259 5.099020
1 4 16.879035 66.640828
1 2 16.921464 63.063460
2 8 17.083115 40.706265
2 4 16.418823 45.011110
3 8 24.944397 32.388269
3 5 21.794832 18.788294
4 7 19.151509 42.638011
5 7 15.850573 43.139309
5 6 20.862777 8.062258
