10 10 21777 720 93 6 0.001000 20
13 81 24.448599 28.583251
80 78 26.978587 27.807735
22 73 20.744636 19.377636
85 16 5.991418 5.054932
50 19 8.832362 9.629358
8 50 18.035258 15.912182
73 85 16.453320 19.178117
71 58 15.134752 18.110069
79 14 36.390605 43.646916
79 82 7.398568 8.476290
0 2 20.073696 12.041595
1 9 21.423287 4.123106
1 6 16.649043 9.899495
2 8 15.305579 82.036577
2 7 22.057022 51.244512
3 8 21.596064 6.324555
4 9 18.235219 69.354164
5 8 15.201336 79.605276
6 9 23.066744 6.708204
7 9 15.582333 25.298221
