9 11 23000 999 198 48 0.010000 20
34 60 36.195948 39.638931
68 1 43.145420 37.146039
84 62 11.424218 10.276420
43 75 42.453960 42.500812
39 61 21.544144 21.522458
35 58 19.682061 22.019865
36 66 7.103623 6.488073
66 28 8.931834 8.981063
48 43 8.030981 7.262278
0 5 35.653407 2.236068
0 4 44.673575 5.099020
1 4 37.289627 66.640828
1 2 40.408013 63.063460
2 8 41.044687 40.706265
2 4 37.746871 45.011110
3 8 41.883465 32.388269
3 5 44.994417 18.788294
4 7 44.568105 42.638011
5 7 41.883621 43.139309
5 6 36.233695 8.062258
