9 11 2125 262 95 7 0.001000 20
34 60 11.159614 10.412510
68 1 24.167326 29.857976
84 62 34.577075 33.599480
43 75 27.167828 33.485859
39 61 12.984893 11.274327
35 58 4.384582 4.509611
36 66 35.783791 35.848369
66 28 37.672252 37.353915
48 43 38.362588 44.506909
0 5 21.227723 2.236068
0 4 16.020506 5.099020
1 4 21.717116 66.640828
1 2 19.689300 63.063460
2 8 18.220592 40.706265
2 4 18.559877 45.011110
3 8 16.036415 32.388269
3 5 20.502332 18.788294
4 7 17.538899 42.638011
5 7 15.506795 43.139309
5 6 23.733220 8.062258
