9 11 22875 596 990 995 1.000000 20
34 60 38.226807 41.739089
68 1 5.312349 6.631860
84 62 39.088461 40.459075
43 75 33.811020 31.718116
39 61 26.005418 26.787243
35 58 38.661314 34.107572
36 66 11.730744 12.260895
66 28 53.233932 47.602964
48 43 16.955626 14.559064
0 5 49.640699 2.236068
0 4 42.562090 5.099020
1 4 46.495818 66.640828
1 2 42.187705 63.063460
2 8 40.814298 40.706265
2 4 47.709707 45.011110
3 8 45.273313 32.388269
3 5 47.845236 18.788294
4 7 42.100743 42.638011
5 7 43.679097 43.139309
5 6 41.775184 8.062258
