10 10 22925 324 994 999 1.000000 20
13 81 5.423149 5.165984
80 78 17.650422 21.579182
22 73 33.017608 36.860175
85 16 40.711606 39.278004
50 19 26.770934 26.242611
8 50 0.865009 0.746961
73 85 5.012813 5.263695
71 58 30.437292 28.196904
79 14 50.025118 43.447903
79 82 33.721395 36.708131
0 2 44.834114 12.041595
1 9 48.018724 4.123106
1 6 47.915548 9.899495
2 8 46.628989 82.036577
2 7 44.206023 51.244512
3 8 42.848961 6.324555
4 9 42.830915 69.354164
5 8 47.598608 79.605276
6 9 42.009967 6.708204
7 9 47.458966 25.298221
