10 10 22800 273 43 6 0.001000 20
13 81 2.041925 2.193023
80 78 43.606174 40.075864
22 73 40.267018 40.322464
85 16 50.850983 43.076591
50 19 45.385890 41.732069
8 50 27.136556 22.970508
73 85 1.596444 1.901523
71 58 34.408384 33.724303
79 14 22.384932 26.735420
79 82 16.938257 14.455389
0 2 5.671381 12.041595
1 9 4.410335 4.123106
1 6 0.461506 9.899495
2 8 5.187254 82.036577
2 7 6.036705 51.244512
3 8 8.584144 6.324555
4 9 5.935593 69.354164
5 8 3.332650 79.605276
6 9 0.697398 6.708204
7 9 1.590139 25.298221
