9 11 21333 541 94 6 0.001000 20
34 60 8.555056 8.333023
68 1 27.387829 33.348922
84 62 14.929679 15.584033
43 75 19.957668 22.852986
39 61 19.921845 18.361521
35 58 17.117546 19.482192
36 66 38.813331 38.060071
66 28 33.001767 39.024246
48 43 33.307524 33.933855
0 5 21.403375 2.236068
0 4 17.141440 5.099020
1 4 21.674988 66.640828
1 2 22.625029 63.063460
2 8 22.313858 40.706265
2 4 18.082052 45.011110
3 8 21.278834 32.388269
3 5 21.375788 18.788294
4 7 18.649440 42.638011
5 7 23.044312 43.139309
5 6 22.784026 8.062258
