10 10 22550 887 41 9 0.001000 20
13 81 55.508680 47.365339
80 78 9.231797 8.052301
22 73 31.449743 38.416675
85 16 13.005466 11.277966
50 19 17.747989 15.507681
8 50 5.565481 4.987757
73 85 57.169088 48.850645
71 58 36.924970 34.566956
79 14 24.709998 27.483373
79 82 9.259510 8.614084
0 2 1.018172 12.041595
1 9 7.143822 4.123106
1 6 4.377557 9.899495
2 8 0.142653 82.036577
2 7 4.464568 51.244512
3 8 2.926059 6.324555
4 9 6.979643 69.354164
5 8 0.341989 79.605276
6 9 2.852570 6.708204
7 9 2.130396 25.298221
