10 10 21511 1061 45 9 0.001000 20
13 81 21.631274 19.737009
80 78 16.168198 14.553968
22 73 26.115982 24.094736
85 16 6.046764 6.467279
50 19 24.145833 22.211261
8 50 25.781139 22.783956
73 85 23.648896 22.137256
71 58 41.405319 40.248337
79 14 30.509241 38.124608
79 82 20.528398 18.285101
0 2 0.693867 12.041595
1 9 8.521006 4.123106
1 6 6.300170 9.899495
2 8 2.591950 82.036577
2 7 3.268918 51.244512
3 8 3.579632 6.324555
4 9 5.636508 69.354164
5 8 5.337881 79.605276
6 9 7.260137 6.708204
7 9 4.133647 25.298221
