9 11 21755 2452 40 5 0.001000 20
34 60 14.859929 15.291922
68 1 15.990309 13.395335
84 62 41.132274 45.522252
43 75 18.391127 21.642828
39 61 28.287477 25.022501
35 58 25.815895 28.116397
36 66 15.408879 13.821775
66 28 5.291082 5.884540
48 43 12.947424 11.983864
0 5 3.176312 2.236068
0 4 2.564530 5.099020
1 4 2.884007 66.640828
1 2 0.460190 63.063460
2 8 7.154115 40.706265
2 4 7.946345 45.011110
3 8 0.572601 32.388269
3 5 3.721893 18.788294
4 7 3.329705 42.638011
5 7 2.959148 43.139309
5 6 6.175106 8.062258
