10 10 22675 1893 190 46 0.010000 20
13 81 12.176395 10.167260
80 78 23.323545 22.575206
22 73 18.266722 20.042074
85 16 39.805835 43.950167
50 19 37.965646 42.577241
8 50 21.576979 24.472056
73 85 29.235953 27.145647
71 58 33.745174 31.572885
79 14 33.073901 32.569187
79 82 8.634070 8.428418
0 2 40.945621 12.041595
1 9 39.107040 4.123106
1 6 36.915699 9.899495
2 8 43.004264 82.036577
2 7 37.734975 51.244512
3 8 40.254854 6.324555
4 9 39.694297 69.354164
5 8 42.213485 79.605276
6 9 37.989938 6.708204
7 9 35.779086 25.298221
