9 11 22400 424 141 28 0.010000 20
34 60 37.152447 34.644370
68 1 3.114298 2.793992
84 62 37.186833 44.009975
43 75 0.352279 0.302535
39 61 8.026844 7.811458
35 58 52.704812 48.565040
36 66 18.503824 17.845831
66 28 48.276285 42.415848
48 43 24.412583 27.278917
0 5 7.641996 2.236068
0 4 1.095896 5.099020
1 4 3.057910 66.640828
1 2 4.969815 63.063460
2 8 7.578542 40.706265
2 4 5.770733 45.011110
3 8 6.108941 32.388269
3 5 5.755788 18.788294
4 7 6.740854 42.638011
5 7 2.724459 43.139309
5 6 9.927956 8.062258
