10 10 21533 1039 994 996 1.000000 20
13 81 4.107512 3.491662
80 78 51.289981 42.767237
22 73 13.536125 13.496237
85 16 28.244212 24.262905
50 19 47.661113 43.380093
8 50 39.103123 41.261545
73 85 40.758606 43.646754
71 58 23.344512 25.066876
79 14 1.316250 1.336170
79 82 46.021943 40.272039
0 2 6.419029 12.041595
1 9 0.730381 4.123106
1 6 0.513017 9.899495
2 8 1.415305 82.036577
2 7 7.624802 51.244512
3 8 1.856205 6.324555
4 9 3.906122 69.354164
5 8 4.616639 79.605276
6 9 3.746964 6.708204
7 9 8.378093 25.298221
