9 11 21488 425 194 45 0.010000 20
34 60 6.640250 7.362767
68 1 50.603150 46.769986
84 62 36.930082 31.003303
43 75 7.507334 7.763869
39 61 12.914540 11.910512
35 58 6.932636 8.515186
36 66 0.768724 0.728141
66 28 18.264858 22.091227
48 43 2.125016 1.902568
0 5 36.377547 2.236068
0 4 41.211775 5.099020
1 4 39.936194 66.640828
1 2 35.683043 63.063460
2 8 43.906144 40.706265
2 4 40.384349 45.011110
3 8 39.815774 32.388269
3 5 42.287776 18.788294
4 7 42.608181 42.638011
5 7 37.306792 43.139309
5 6 44.484318 8.062258
