9 11 22050 1456 44 7 0.001000 20
34 60 29.131618 26.137443
68 1 41.117927 38.199882
84 62 52.956146 46.163423
43 75 10.940327 10.688654
39 61 7.069801 7.586080
35 58 20.169522 16.914713
36 66 19.720848 20.760582
66 28 22.609803 24.109644
48 43 30.245011 28.546755
0 5 6.933659 2.236068
0 4 1.968291 5.099020
1 4 2.582407 66.640828
1 2 9.834877 63.063460
2 8 0.019112 40.706265
2 4 9.965880 45.011110
3 8 8.432631 32.388269
3 5 3.287084 18.788294
4 7 8.356338 42.638011
5 7 2.619742 43.139309
5 6 9.449337 8.062258
