10 10 20720 525 94 7 0.001000 20
13 81 41.356312 40.874969
80 78 17.638878 14.731576
22 73 35.842532 31.708497
85 16 31.727903 27.714627
50 19 34.737468 37.066893
8 50 31.969517 33.614158
73 85 12.134845 10.521711
71 58 17.807486 16.214612
79 14 12.549092 14.958577
79 82 55.099022 49.807627
0 2 18.594327 12.041595
1 9 17.610054 4.123106
1 6 23.098394 9.899495
2 8 24.244415 82.036577
2 7 18.980120 51.244512
3 8 24.819263 6.324555
4 9 19.348961 69.354164
5 8 18.120552 79.605276
6 9 16.500666 6.708204
7 9 16.339662 25.298221
