10 10 21933 358 141 26 0.010000 20
13 81 32.625481 35.198455
80 78 32.559628 37.818598
22 73 32.792963 34.431072
85 16 9.896984 10.305983
50 19 1.277827 1.549577
8 50 27.604902 33.043525
73 85 47.307275 39.943335
71 58 2.488435 2.459545
79 14 26.712299 27.634509
79 82 41.288550 48.691767
0 2 5.485215 12.041595
1 9 5.636375 4.123106
1 6 1.325201 9.899495
2 8 0.535441 82.036577
2 7 5.547437 51.244512
3 8 3.887606 6.324555
4 9 2.164297 69.354164
5 8 0.377141 79.605276
6 9 4.045183 6.708204
7 9 8.086240 25.298221
