10 10 22175 2214 140 27 0.010000 20
13 81 39.116828 47.289912
80 78 9.563897 9.807870
22 73 16.522913 14.278643
85 16 50.484123 43.199811
50 19 8.939658 7.494107
8 50 34.509047 30.607008
73 85 6.128160 5.355198
71 58 9.309020 9.645276
79 14 21.072820 25.381417
79 82 53.298121 45.654050
0 2 4.122279 12.041595
1 9 6.392988 4.123106
1 6 3.676507 9.899495
2 8 2.914719 82.036577
2 7 2.339969 51.244512
3 8 5.886569 6.324555
4 9 8.820528 69.354164
5 8 2.652994 79.605276
6 9 3.021865 6.708204
7 9 5.088462 25.298221
