10 10 2150 933 49 8 0.001000 20
13 81 28.495134 33.116110
80 78 28.263558 30.202159
22 73 3.399084 3.720576
85 16 44.734272 45.750623
50 19 25.275222 26.159725
8 50 44.732551 38.778446
73 85 26.540434 24.165854
71 58 10.398447 9.791973
79 14 42.448053 37.570140
79 82 35.517971 35.623350
0 2 8.680672 12.041595
1 9 9.713502 4.123106
1 6 1.834536 9.899495
2 8 6.783998 82.036577
2 7 7.165469 51.244512
3 8 3.363891 6.324555
4 9 4.702724 69.354164
5 8 0.458910 79.605276
6 9 7.405122 6.708204
7 9 7.543217 25.298221
