9 11 21622 1490 994 997 1.000000 20
34 60 29.678250 36.175884
68 1 43.926536 42.934836
84 62 37.110452 45.475565
43 75 5.985651 5.072961
39 61 22.404659 24.987708
35 58 47.685023 42.604141
36 66 26.517123 24.595344
66 28 7.364438 6.909507
48 43 37.833035 42.731918
0 5 46.298977 2.236068
0 4 48.211165 5.099020
1 4 44.072297 66.640828
1 2 43.251720 63.063460
2 8 41.633539 40.706265
2 4 48.291575 45.011110
3 8 47.740609 32.388269
3 5 49.967403 18.788294
4 7 42.791581 42.638011
5 7 41.028113 43.139309
5 6 40.228054 8.062258
