9 11 2325 666 199 47 0.010000 20
34 60 21.356751 24.131679
68 1 28.678060 30.586281
84 62 49.198296 41.476178
43 75 43.960541 37.248270
39 61 5.758103 5.395539
35 58 33.326267 39.693304
36 66 23.335384 24.851405
66 28 38.945985 37.278831
48 43 43.873280 42.413410
0 5 43.180242 2.236068
0 4 35.403414 5.099020
1 4 42.861024 66.640828
1 2 43.438768 63.063460
2 8 41.612610 40.706265
2 4 42.581485 45.011110
3 8 42.654352 32.388269
3 5 36.910143 18.788294
4 7 36.252398 42.638011
5 7 40.580937 43.139309
5 6 43.943709 8.062258
