9 11 2400 1711 196 49 0.010000 20
34 60 39.842004 34.763008
68 1 34.110254 29.354243
84 62 14.478974 13.504020
43 75 34.994507 37.450605
39 61 43.494639 37.121158
35 58 35.906540 35.007754
36 66 36.832459 37.388710
66 28 21.249691 23.225737
48 43 26.995672 22.668008
0 5 44.042702 2.236068
0 4 41.488654 5.099020
1 4 43.986432 66.640828
1 2 38.458466 63.063460
2 8 40.960262 40.706265
2 4 38.961008 45.011110
3 8 41.703403 32.388269
3 5 44.231351 18.788294
4 7 37.856283 42.638011
5 7 36.531291 43.139309
5 6 42.270252 8.062258
