9 11 25547 2688 999 999 1.000000 20
34 60 1.697383 1.494850
68 1 23.141351 25.817795
84 62 1.167397 1.007244
43 75 29.023485 28.919697
39 61 17.686161 14.814467
35 58 6.354804 5.522773
36 66 43.257239 47.468430
66 28 13.827240 12.673787
48 43 12.864752 14.288193
0 5 4.362847 2.236068
0 4 7.326280 5.099020
1 4 9.851657 66.640828
1 2 1.209853 63.063460
2 8 8.200641 40.706265
2 4 0.608835 45.011110
3 8 8.437640 32.388269
3 5 2.119000 18.788294
4 7 5.464037 42.638011
5 7 9.376592 43.139309
5 6 5.782655 8.062258
