9 11 24500 930 998 995 1.000000 20
34 60 28.466632 30.323432
68 1 39.229696 37.632668
84 62 1.621353 1.906679
43 75 27.050918 25.919328
39 61 34.009396 33.304426
35 58 28.528541 25.542681
36 66 44.970338 42.830669
66 28 15.997587 16.945842
48 43 3.994892 4.182792
0 5 8.879030 2.236068
0 4 9.248401 5.099020
1 4 8.605096 66.640828
1 2 1.210103 63.063460
2 8 3.338128 40.706265
2 4 6.080426 45.011110
3 8 5.446592 32.388269
3 5 1.730232 18.788294
4 7 0.237753 42.638011
5 7 8.523167 43.139309
5 6 4.353482 8.062258
