9 11 25690 1911 90 5 0.001000 20
34 60 44.490939 47.250163
68 1 7.348073 7.509086
84 62 1.642587 2.036923
43 75 48.161994 45.165623
39 61 37.853251 44.204947
35 58 39.591286 33.500983
36 66 33.064598 33.168070
66 28 31.421789 32.994829
48 43 13.425740 11.602399
0 5 17.158659 2.236068
0 4 22.028991 5.099020
1 4 19.383640 66.640828
1 2 17.064246 63.063460
2 8 19.268116 40.706265
2 4 19.033825 45.011110
3 8 15.406425 32.388269
3 5 15.452906 18.788294
4 7 17.685933 42.638011
5 7 20.662549 43.139309
5 6 20.226838 8.062258
