9 11 24117 1371 90 7 0.001000 20
34 60 34.309745 29.874837
68 1 31.632339 28.011224
84 62 35.937273 37.963414
43 75 29.413754 30.906010
39 61 15.614612 16.770874
35 58 41.676014 37.488164
36 66 9.907591 9.364366
66 28 15.627249 14.470134
48 43 15.067250 16.263133
0 5 18.361608 2.236068
0 4 24.815760 5.099020
1 4 15.341681 66.640828
1 2 18.400970 63.063460
2 8 20.031243 40.706265
2 4 20.398581 45.011110
3 8 16.128706 32.388269
3 5 21.022390 18.788294
4 7 23.192209 42.638011
5 7 23.488867 43.139309
5 6 15.186382 8.062258
