9 11 23272 1390 990 996 1.000000 20
34 60 22.982965 20.379305
68 1 14.265952 16.120800
84 62 22.185091 25.620091
43 75 13.561293 14.183886
39 61 11.708333 14.599852
35 58 40.570074 36.889192
36 66 24.265601 23.323383
66 28 42.375545 39.885719
48 43 35.030443 30.485982
0 5 48.510053 2.236068
0 4 48.581517 5.099020
1 4 41.376694 66.640828
1 2 48.131168 63.063460
2 8 42.887513 40.706265
2 4 41.792942 45.011110
3 8 41.710219 32.388269
3 5 40.003050 18.788294
4 7 43.156750 42.638011
5 7 45.327334 43.139309
5 6 48.141250 8.062258
