9 11 24852 735 46 5 0.001000 20
34 60 42.520912 44.379816
68 1 35.840610 35.283911
84 62 15.050851 13.376497
43 75 3.628347 3.931099
39 61 9.378997 9.170915
35 58 27.544635 24.180116
36 66 30.582221 30.922858
66 28 10.293538 11.542053
48 43 9.468192 11.436845
0 5 4.080417 2.236068
0 4 6.810841 5.099020
1 4 3.177315 66.640828
1 2 4.942987 63.063460
2 8 2.529224 40.706265
2 4 1.258697 45.011110
3 8 8.608696 32.388269
3 5 8.352185 18.788294
4 7 1.314255 42.638011
5 7 8.336226 43.139309
5 6 1.831270 8.062258
