10 10 23772 316 40 8 0.001000 20
13 81 23.815134 22.642883
80 78 33.339703 28.394335
22 73 19.782246 22.027842
85 16 31.939005 39.758039
50 19 27.162383 30.125634
8 50 40.899503 34.545994
73 85 10.427285 9.826313
71 58 49.955535 45.439483
79 14 34.778949 36.358268
79 82 40.835377 46.325105
0 2 1.672047 12.041595
1 9 1.281451 4.123106
1 6 8.347933 9.899495
2 8 2.584710 82.036577
2 7 6.196870 51.244512
3 8 1.219003 6.324555
4 9 9.860066 69.354164
5 8 6.928469 79.605276
6 9 5.355429 6.708204
7 9 6.204923 25.298221
