9 11 2450 488 96 5 0.001000 20
34 60 41.585741 49.708118
68 1 43.919604 48.284217
84 62 43.283613 41.926871
43 75 14.405792 13.349658
39 61 18.498255 21.302604
35 58 18.374264 15.680930
36 66 20.378162 25.009864
66 28 18.117228 15.137717
48 43 28.782350 28.764948
0 5 22.137652 2.236068
0 4 22.035584 5.099020
1 4 24.395828 66.640828
1 2 20.449379 63.063460
2 8 21.008549 40.706265
2 4 21.214611 45.011110
3 8 24.029759 32.388269
3 5 22.617488 18.788294
4 7 15.051108 42.638011
5 7 24.455371 43.139309
5 6 24.845181 8.062258
