10 10 25333 597 195 47 0.010000 20
13 81 6.463320 6.793908
80 78 31.789603 28.543743
22 73 29.661210 31.559363
85 16 26.598150 28.741039
50 19 20.880097 22.677950
8 50 36.390155 39.676770
73 85 28.208130 27.055250
71 58 4.046153 4.093860
79 14 27.764922 33.821118
79 82 41.968717 40.911786
0 2 41.455712 12.041595
1 9 44.057168 4.123106
1 6 39.121282 9.899495
2 8 37.192939 82.036577
2 7 43.267343 51.244512
3 8 35.556162 6.324555
4 9 39.830718 69.354164
5 8 35.049753 79.605276
6 9 42.011323 6.708204
7 9 36.514923 25.298221
