9 11 24882 971 48 9 0.001000 20
34 60 46.220137 43.234519
68 1 9.044696 10.894523
84 62 50.019747 44.079601
43 75 19.138384 19.874790
39 61 40.895911 42.381667
35 58 11.575612 10.364047
36 66 5.965993 5.110783
66 28 22.089340 20.908804
48 43 43.258878 46.234005
0 5 4.640169 2.236068
0 4 1.898994 5.099020
1 4 5.859288 66.640828
1 2 6.565471 63.063460
2 8 2.318759 40.706265
2 4 1.458085 45.011110
3 8 3.765886 32.388269
3 5 7.521726 18.788294
4 7 4.873872 42.638011
5 7 9.084716 43.139309
5 6 1.741465 8.062258
