10 10 24764 859 198 49 0.010000 20
13 81 50.755398 46.176967
80 78 41.366417 34.856298
22 73 10.773629 10.592294
85 16 38.591136 44.448414
50 19 21.134550 26.264219
8 50 28.165812 28.099156
73 85 16.869765 20.016039
71 58 11.486877 12.072692
79 14 15.429040 18.921320
79 82 45.116260 43.001632
0 2 38.037874 12.041595
1 9 37.325124 4.123106
1 6 41.372664 9.899495
2 8 40.631341 82.036577
2 7 40.736279 51.244512
3 8 38.796726 6.324555
4 9 44.028215 69.354164
5 8 43.636822 79.605276
6 9 41.656449 6.708204
7 9 39.477458 25.298221
