10 10 24941 636 44 7 0.001000 20
13 81 46.840763 39.847350
80 78 41.141546 35.579193
22 73 25.486937 30.899816
85 16 5.636462 5.006106
50 19 54.563120 46.879383
8 50 29.950505 28.850892
73 85 11.980151 10.628230
71 58 22.852832 20.112263
79 14 24.298430 26.488064
79 82 6.779220 5.765677
0 2 0.257125 12.041595
1 9 7.172292 4.123106
1 6 1.167410 9.899495
2 8 6.506988 82.036577
2 7 7.637201 51.244512
3 8 9.047464 6.324555
4 9 0.379958 69.354164
5 8 5.369126 79.605276
6 9 2.718747 6.708204
7 9 5.091716 25.298221
