10 10 25642 1383 98 7 0.001000 20
13 81 21.898591 25.714191
80 78 28.911823 25.578109
22 73 32.341053 34.388274
85 16 36.535058 44.321034
50 19 13.241878 15.418343
8 50 2.257238 1.976434
73 85 46.330784 40.910898
71 58 10.800114 10.273372
79 14 28.235067 33.853000
79 82 39.671863 43.194450
0 2 22.463482 12.041595
1 9 22.745185 4.123106
1 6 15.350801 9.899495
2 8 17.582914 82.036577
2 7 22.856768 51.244512
3 8 22.000036 6.324555
4 9 22.934691 69.354164
5 8 21.515876 79.605276
6 9 16.963760 6.708204
7 9 20.399537 25.298221
