10 10 24382 1867 96 6 0.001000 20
13 81 9.746556 11.381760
80 78 14.188764 12.801679
22 73 31.839584 37.885753
85 16 37.281448 34.825119
50 19 2.379515 2.533876
8 50 27.580083 33.974871
73 85 28.303269 28.942345
71 58 23.413833 21.255047
79 14 35.868216 38.900424
79 82 10.627553 9.246566
0 2 21.999421 12.041595
1 9 17.539709 4.123106
1 6 21.377519 9.899495
2 8 17.288605 82.036577
2 7 20.955964 51.244512
3 8 19.747489 6.324555
4 9 19.247354 69.354164
5 8 15.899056 79.605276
6 9 24.503448 6.708204
7 9 18.557101 25.298221
