9 11 24088 656 995 996 1.000000 20
34 60 18.697203 16.353337
68 1 16.406960 14.312807
84 62 24.981375 23.364066
43 75 25.174816 24.433291
39 61 0.367365 0.320788
35 58 40.936373 44.871958
36 66 54.062902 45.911773
66 28 37.607114 34.903211
48 43 10.621594 11.951499
0 5 5.551442 2.236068
0 4 7.735331 5.099020
1 4 7.437111 66.640828
1 2 7.321135 63.063460
2 8 3.164073 40.706265
2 4 7.902168 45.011110
3 8 9.738716 32.388269
3 5 0.552051 18.788294
4 7 0.367790 42.638011
5 7 7.792628 43.139309
5 6 3.385292 8.062258
