10 10 23727 1058 43 5 0.001000 20
13 81 2.938255 2.597766
80 78 36.225256 37.127056
22 73 32.362200 35.656558
85 16 27.554165 32.862822
50 19 19.135727 21.354107
8 50 41.488587 39.834055
73 85 17.227388 18.796495
71 58 17.316146 15.531222
79 14 2.940530 3.147613
79 82 20.062422 18.476697
0 2 9.389655 12.041595
1 9 8.449803 4.123106
1 6 1.664375 9.899495
2 8 9.990142 82.036577
2 7 3.969698 51.244512
3 8 4.936756 6.324555
4 9 7.835049 69.354164
5 8 3.103790 79.605276
6 9 4.830923 6.708204
7 9 1.337286 25.298221
