9 11 23136 339 149 28 0.010000 20
34 60 55.019615 48.077256
68 1 50.522984 46.433164
84 62 16.692172 19.845392
43 75 25.544900 27.371530
39 61 7.669402 6.865211
35 58 9.194484 10.352794
36 66 20.263194 18.250763
66 28 6.864066 6.913894
48 43 22.165754 19.912594
0 5 3.447081 2.236068
0 4 2.582572 5.099020
1 4 9.827236 66.640828
1 2 3.674872 63.063460
2 8 5.798913 40.706265
2 4 9.336835 45.011110
3 8 6.122070 32.388269
3 5 2.478498 18.788294
4 7 3.290032 42.638011
5 7 1.114396 43.139309
5 6 5.351662 8.062258
