9 11 25476 757 999 998 1.000000 20
34 60 19.094533 22.171584
68 1 5.020365 4.644908
84 62 17.426212 19.179627
43 75 15.141108 15.101182
39 61 37.026634 45.538483
35 58 32.460598 36.270942
36 66 26.162475 21.990271
66 28 30.517998 31.682788
48 43 43.659739 47.606718
0 5 47.471898 2.236068
0 4 45.801969 5.099020
1 4 43.605830 66.640828
1 2 45.217018 63.063460
2 8 49.435363 40.706265
2 4 44.543411 45.011110
3 8 40.496333 32.388269
3 5 45.316085 18.788294
4 7 43.126896 42.638011
5 7 47.347002 43.139309
5 6 49.982779 8.062258
