10 10 24970 338 996 996 1.000000 20
13 81 17.244404 15.550441
80 78 41.450575 45.037748
22 73 4.414080 5.184126
85 16 12.751253 11.609409
50 19 32.359916 35.983823
8 50 33.957187 41.088618
73 85 16.857484 19.450854
71 58 19.846861 19.227191
79 14 27.425931 33.454441
79 82 27.987547 32.563767
0 2 48.308985 12.041595
1 9 40.730666 4.123106
1 6 44.925299 9.899495
2 8 48.082891 82.036577
2 7 48.896365 51.244512
3 8 41.448038 6.324555
4 9 40.530577 69.354164
5 8 47.556627 79.605276
6 9 48.120416 6.708204
7 9 49.850299 25.298221
