9 11 24823 282 144 26 0.010000 20
34 60 23.918706 22.974855
68 1 34.614630 29.981920
84 62 27.294990 23.546904
43 75 49.068388 47.570131
39 61 1.399844 1.646063
35 58 7.342006 6.292275
36 66 34.383648 30.970439
66 28 2.658986 3.244942
48 43 7.325909 6.919655
0 5 4.874741 2.236068
0 4 7.287377 5.099020
1 4 3.465179 66.640828
1 2 2.299492 63.063460
2 8 2.842691 40.706265
2 4 0.164192 45.011110
3 8 6.277107 32.388269
3 5 4.110914 18.788294
4 7 5.364771 42.638011
5 7 6.037881 43.139309
5 6 4.617927 8.062258
