9 11 25452 455 192 47 0.010000 20
34 60 40.814804 35.441768
68 1 22.915334 22.356319
84 62 22.181858 23.354836
43 75 37.052059 32.258369
39 61 31.258847 37.530402
35 58 15.959106 14.357180
36 66 32.757953 38.655014
66 28 11.626645 13.970539
48 43 24.381840 26.251069
0 5 35.362042 2.236068
0 4 37.132501 5.099020
1 4 38.621905 66.640828
1 2 40.270974 63.063460
2 8 42.467634 40.706265
2 4 42.913589 45.011110
3 8 36.072650 32.388269
3 5 35.009096 18.788294
4 7 43.693713 42.638011
5 7 41.148197 43.139309
5 6 44.241331 8.062258
