9 11 23840 584 93 7 0.001000 20
34 60 32.054775 38.440067
68 1 32.662089 40.661602
84 62 5.688305 4.844090
43 75 20.815252 18.917340
39 61 14.922551 16.599829
35 58 10.036173 9.594803
36 66 5.106850 5.576655
66 28 4.506341 5.516876
48 43 4.919363 4.558805
0 5 15.539199 2.236068
0 4 23.277534 5.099020
1 4 23.161881 66.640828
1 2 21.869340 63.063460
2 8 24.164077 40.706265
2 4 19.217983 45.011110
3 8 24.731878 32.388269
3 5 22.905874 18.788294
4 7 20.691038 42.638011
5 7 21.844961 43.139309
5 6 24.940236 8.062258
