9 11 23977 1146 91 5 0.001000 20
34 60 49.070544 45.774290
68 1 22.245195 22.249183
84 62 56.798166 47.413833
43 75 2.505496 3.006979
39 61 20.524831 19.070423
35 58 15.876599 17.674041
36 66 1.704883 1.811654
66 28 46.429814 40.387268
48 43 12.042335 13.557428
0 5 23.611535 2.236068
0 4 17.367506 5.099020
1 4 20.255487 66.640828
1 2 16.600793 63.063460
2 8 20.658894 40.706265
2 4 20.265836 45.011110
3 8 21.822839 32.388269
3 5 15.600449 18.788294
4 7 20.508586 42.638011
5 7 23.301698 43.139309
5 6 23.122342 8.062258
