10 10 24676 1449 196 47 0.010000 20
13 81 44.550068 44.610925
80 78 34.622466 31.651103
22 73 26.605075 31.663744
85 16 21.143288 19.493669
50 19 41.536011 35.763928
8 50 29.691499 36.905843
73 85 22.649079 25.579942
71 58 0.688594 0.673108
79 14 20.817572 18.814109
79 82 32.908910 29.973385
0 2 37.275261 12.041595
1 9 41.862446 4.123106
1 6 38.563486 9.899495
2 8 44.899643 82.036577
2 7 38.934443 51.244512
3 8 37.038884 6.324555
4 9 37.834725 69.354164
5 8 35.917694 79.605276
6 9 38.507169 6.708204
7 9 40.649271 25.298221
