9 11 23636 1887 93 9 0.001000 20
34 60 10.707801 13.265016
68 1 23.759016 28.549105
84 62 22.695602 20.830468
43 75 45.121716 42.773551
39 61 12.482618 11.716758
35 58 35.777646 31.510664
36 66 15.273201 14.956572
66 28 29.407448 30.920450
48 43 33.703312 32.135799
0 5 18.328057 2.236068
0 4 23.708931 5.099020
1 4 16.001538 66.640828
1 2 17.462429 63.063460
2 8 21.649611 40.706265
2 4 24.201563 45.011110
3 8 20.950079 32.388269
3 5 22.164147 18.788294
4 7 22.210938 42.638011
5 7 23.215841 43.139309
5 6 15.184437 8.062258
