10 10 24529 365 999 997 1.000000 20
13 81 33.718024 33.540847
80 78 9.634239 9.002988
22 73 25.996557 23.624189
85 16 33.371258 28.456858
50 19 33.665935 31.043338
8 50 52.500283 49.944080
73 85 5.827834 5.799495
71 58 49.643249 44.085000
79 14 30.384608 28.490859
79 82 36.525932 33.257222
0 2 2.529369 12.041595
1 9 2.809651 4.123106
1 6 6.014932 9.899495
2 8 4.146782 82.036577
2 7 8.246842 51.244512
3 8 9.188957 6.324555
4 9 8.150934 69.354164
5 8 8.107337 79.605276
6 9 9.456442 6.708204
7 9 6.773012 25.298221
