100 570
33 42 75.710895 73.868593 0.000492
99 19 77.023748 80.327911 0.000348
12 84 54.363405 51.706161 0.000954
68 84 77.727785 65.856540 0.000702
72 31 85.858260 78.073388 0.000378
49 76 60.386418 52.728750 0.000922
64 36 62.595308 58.390991 0.000839
80 33 74.378703 68.443595 0.000614
60 77 70.316753 72.954580 0.000513
93 65 58.251187 67.516463 0.000625
59 99 76.795631 78.663963 0.000373
89 51 47.978546 55.814992 0.000890
53 61 56.962922 62.893501 0.000745
79 31 94.847480 85.158890 0.000294
32 3 76.759604 94.872647 0.000149
69 98 69.846891 78.006654 0.000417
84 73 63.080957 58.965403 0.000813
99 45 95.748994 95.908409 0.000110
58 37 97.943866 90.800404 0.000215
48 47 65.939053 66.166859 0.000664
5 93 77.260898 66.015175 0.000694
94 22 64.560899 66.878206 0.000636
65 59 56.148414 56.641686 0.000890
3 55 68.725031 77.043149 0.000423
55 75 68.546656 75.564129 0.000467
34 60 47.770606 50.738383 0.000963
75 7 100.664446 89.737533 0.000224
59 6 69.133081 73.115864 0.000511
11 85 60.412110 69.082580 0.000604
89 56 106.753976 96.070759 0.000105
99 14 76.027487 66.162445 0.000680
19 78 79.689994 84.177130 0.000299
5 69 88.281848 84.855348 0.000294
43 90 78.787295 70.816398 0.000573
19 16 90.917604 80.937686 0.000340
6 34 81.687189 76.214205 0.000448
33 75 46.172568 52.408891 0.000928
7 30 106.739828 98.454957 0.000063
20 19 59.577892 71.020994 0.000571
56 75 52.521512 57.011349 0.000856
31 62 93.967779 81.007232 0.000336
30 4 85.855761 93.562428 0.000155
85 2 58.701084 59.640084 0.000809
13 42 108.215706 94.072905 0.000153
74 28 86.103326 95.615086 0.000139
81 22 49.495976 57.600088 0.000842
17 64 86.221677 81.992804 0.000328
75 74 98.353781 99.730111 0.000004
44 66 75.530982 71.880908 0.000552
58 77 61.112943 53.238598 0.000901
79 70 75.228285 67.782938 0.000617
95 26 61.378070 59.821188 0.000779
30 17 74.655253 87.470468 0.000252
1 76 76.498204 93.115874 0.000162
66 60 62.422769 61.269690 0.000746
72 35 48.381340 59.669920 0.000785
33 30 67.928442 71.764173 0.000567
8 61 68.127390 67.238936 0.000629
71 12 73.684138 85.835913 0.000284
47 68 56.015906 67.869427 0.000615
30 66 70.772295 76.678456 0.000446
67 16 83.983843 75.034515 0.000482
71 9 62.868647 65.801527 0.000727
17 10 79.298380 82.099899 0.000307
52 91 68.672421 74.925120 0.000486
20 57 101.080522 95.827051 0.000122
55 47 59.449850 69.455856 0.000583
82 24 89.056660 76.909176 0.000443
52 7 106.226919 97.730692 0.000087
48 38 113.170179 95.987172 0.000107
43 7 88.410834 83.877571 0.000302
31 37 51.884032 63.035212 0.000738
39 25 91.055434 76.852437 0.000446
23 51 57.706932 61.140534 0.000769
93 45 87.085027 81.289600 0.000335
17 23 110.494283 98.041568 0.000068
23 16 75.398050 84.855317 0.000298
58 11 73.152746 73.272644 0.000502
12 9 48.370288 53.603254 0.000894
41 55 109.175972 91.022956 0.000207
58 71 79.127535 91.753442 0.000201
56 47 116.924206 98.479816 0.000060
5 21 68.764437 69.022314 0.000613
10 48 55.243621 53.405848 0.000900
74 7 102.989315 88.511622 0.000252
63 40 76.551743 92.357956 0.000174
29 3 63.439704 53.132115 0.000921
64 21 51.948597 57.135609 0.000852
49 53 47.420622 55.007907 0.000891
36 90 81.888116 86.666586 0.000275
63 68 108.723289 98.653143 0.000029
17 47 71.793310 60.010232 0.000778
90 78 96.245434 91.956086 0.000174
69 4 56.047468 60.795539 0.000776
55 51 52.910665 51.905383 0.000930
73 33 64.647203 70.139501 0.000581
56 49 88.389869 80.188811 0.000358
46 31 100.643854 92.941990 0.000170
83 44 96.575956 81.972507 0.000334
4 57 86.957824 88.535673 0.000239
0 96 91.759681 6.989387 2.512343 24.041631
0 90 52.736244 46.762490 18.579745 39.698866
0 82 72.222623 27.518691 10.892626 35.000000
0 71 85.315726 12.370144 5.002329 5.385165
0 70 68.437342 30.848661 12.323284 36.400549
0 69 50.452802 49.594608 19.752259 15.524175
0 61 59.176489 38.772353 15.590479 42.801869
0 59 91.602146 6.995360 2.548117 29.529646
0 49 94.205794 4.963461 2.084544 43.011626
0 37 83.808205 14.071607 5.785236 28.635642
0 22 83.906932 13.916148 5.780525 36.235342
1 84 58.875839 38.944241 15.628454 27.730849
1 77 64.278636 35.059911 14.320608 41.773197
1 74 65.324232 33.690848 13.487900 26.683328
1 72 54.815222 44.547871 17.630158 60.299254
1 56 76.904416 21.710929 8.556072 66.910388
1 51 58.724286 39.452919 15.732696 8.062258
1 42 99.801472 0.076674 0.159169 22.022716
1 21 54.815296 44.502183 17.623247 5.830952
1 11 70.192575 28.730216 11.557842 33.526109
2 96 60.101827 37.854862 15.422732 56.222771
2 73 62.896579 35.807423 14.635158 34.785054
2 66 77.281841 21.448160 8.401782 56.727418
2 65 69.684493 29.997666 11.985498 28.160256
2 58 62.896579 35.807423 14.635158 93.085982
2 20 82.107607 16.093214 6.418307 11.401754
3 96 74.323799 24.937479 9.980803 37.000000
3 94 92.854909 6.287482 2.307628 35.468296
3 90 97.581423 2.534454 1.016307 16.763055
3 89 52.618926 46.852053 18.944614 32.557641
3 73 67.631502 31.365212 12.576904 55.803226
3 66 69.686511 29.997016 11.981843 39.217343
3 59 79.448606 18.432084 7.662759 26.400758
3 50 93.085605 5.993825 2.244992 17.804494
3 25 51.716899 48.344656 19.208808 41.617304
3 16 98.637400 1.682435 0.585991 19.416488
3 6 55.028746 44.004647 17.272125 48.166378
4 88 95.647371 3.992094 1.490720 31.827661
4 87 82.200550 15.756318 6.344708 12.806248
4 85 66.763722 32.146766 12.947574 12.727922
4 77 67.631502 31.365212 12.576904 24.413111
4 66 58.875839 38.944241 15.628454 23.345235
4 65 51.908247 47.967957 19.149825 58.137767
4 62 54.712301 44.718213 17.684141 22.022716
4 50 81.126312 17.534187 6.986689 39.623226
4 26 99.569444 0.700769 0.372946 24.186773
4 22 58.388137 40.219271 15.952550 28.861739
4 7 56.635970 42.645831 16.726083 8.246211
4 6 72.777236 27.060632 10.769474 9.433981
5 93 58.388137 40.219271 15.952550 74.726167
5 79 90.906116 7.633002 2.691651 22.472205
5 39 87.797468 10.315970 4.129902 7.071068
5 35 50.757666 49.364508 19.636505 60.108236
5 31 51.265808 48.681655 19.385940 30.066593
5 24 64.374954 34.741449 14.224626 6.082763
5 16 79.986469 18.238391 7.442825 35.128336
5 12 58.400404 40.035161 15.915018 15.524175
5 8 88.708810 8.529729 3.419984 11.045361
5 7 69.684493 29.997666 11.985498 53.009433
6 98 59.907914 37.988685 15.453826 20.615528
6 85 53.594953 46.233596 18.447733 4.123106
6 73 96.161030 3.234065 1.277254 43.657760
6 72 64.053530 35.348709 14.435660 27.313001
6 69 77.193512 21.469838 8.484135 16.124515
6 61 88.284602 9.941317 3.884247 20.223748
6 58 68.559199 30.501400 12.225348 25.000000
6 56 95.035381 4.191273 1.608328 31.575307
6 55 77.418869 21.234720 8.361921 8.062258
6 54 61.688916 36.707110 15.018752 24.083189
6 50 67.271144 31.766498 12.805930 37.161808
6 45 84.196949 13.412983 5.605824 22.022716
6 42 67.335728 31.739919 12.777667 39.962482
6 36 74.849226 24.393763 9.513968 49.819675
6 22 80.946714 17.555248 7.000967 23.021729
6 7 80.876963 17.718262 7.057811 16.278821
7 95 58.146734 40.611029 16.148254 7.000000
7 93 87.940975 10.264847 4.089923 31.016125
7 77 55.256972 43.712994 17.159995 31.112698
7 74 92.909015 6.082902 2.263097 17.691806
7 55 93.825500 5.855585 2.186461 8.246211
7 54 58.146734 40.611029 16.148254 30.413813
7 44 95.112358 4.136008 1.521737 7.810250
7 37 95.647371 3.992094 1.490720 73.061618
7 27 96.512354 3.041198 1.146378 34.205263
7 25 64.934053 34.131005 13.757785 53.338541
7 24 91.759681 6.989387 2.512343 48.877398
7 10 58.549425 39.761480 15.909355 69.260378
8 98 84.021128 13.629487 5.650738 40.224371
8 90 52.706220 46.802307 18.745199 9.486833
8 88 86.150776 11.375298 4.534349 26.400758
8 80 67.693007 31.140217 12.520912 6.324555
8 60 97.474795 2.664433 1.032978 31.953091
8 59 76.528058 22.396302 8.649232 15.811388
8 55 89.066458 8.441309 3.352987 43.680659
8 39 93.825500 5.855585 2.186461 4.472136
8 36 81.377718 17.284537 6.737380 27.073973
9 85 65.702322 33.274503 13.172048 39.051248
9 79 73.023394 26.822672 10.730150 52.952809
9 60 97.581423 2.534454 1.016307 63.007936
9 55 77.743147 20.914990 8.180808 36.619667
9 28 52.618926 46.852053 18.944614 84.403791
9 12 68.437342 30.848661 12.323284 40.199502
9 11 83.333239 14.435321 5.870086 14.560220
9 10 78.082372 19.756288 8.051737 48.083261
10 83 96.073312 3.319031 1.347030 70.724819
10 80 65.038655 34.031736 13.603288 28.017851
10 65 65.689234 33.319748 13.212555 57.314920
10 64 88.530869 8.754694 3.449576 10.630146
10 59 66.138397 32.438284 13.004123 33.241540
10 49 75.278608 23.864876 9.185496 22.022716
10 28 95.647371 3.992094 1.490720 50.000000
10 22 70.429856 28.469294 11.447017 40.447497
10 16 95.860760 3.604864 1.407000 36.069378
11 92 68.461491 30.588938 12.314894 27.018512
11 81 97.941242 2.176991 0.957590 33.241540
11 61 79.568538 18.379490 7.654088 41.340053
11 53 51.717182 48.116157 19.203884 91.482239
11 50 68.660283 30.453590 12.168013 21.470911
11 49 61.468369 36.848098 15.125130 40.459857
11 48 83.689412 14.144905 5.789996 47.434165
11 29 79.986469 18.238391 7.442825 5.000000
11 26 53.511599 46.372217 18.528639 46.173586
11 24 67.520178 31.484955 12.596183 41.617304
11 19 51.716899 48.344656 19.208808 41.194660
11 17 90.033359 8.102566 3.033915 11.661904
12 80 95.632392 4.103182 1.493771 11.180340
12 59 58.724286 39.452919 15.732696 9.219544
12 32 68.822484 30.283941 12.123434 48.662100
12 28 73.240147 26.723879 10.544549 48.373546
12 22 56.265517 43.128898 16.762779 12.165525
13 96 70.087094 29.173338 11.670834 29.206164
13 95 82.590521 15.457933 6.172835 6.324555
13 90 82.107607 16.093214 6.418307 40.311289
13 87 76.904416 21.710929 8.556072 18.027756
13 74 60.724522 37.591251 15.291598 19.798990
13 70 86.799914 10.934884 4.389282 43.266615
13 67 77.887343 20.646070 8.125488 7.615773
13 62 99.751032 0.296294 0.255393 23.409400
13 59 88.708810 8.529729 3.419984 48.918299
13 55 85.018882 12.518006 5.178759 8.062258
13 51 68.559199 30.501400 12.225348 16.763055
13 48 70.192575 28.730216 11.557842 49.497475
13 45 50.292590 49.844955 19.755051 9.219544
13 26 78.773853 19.369123 7.891645 24.331050
14 82 81.377718 17.284537 6.737380 32.449961
14 70 59.182371 38.675073 15.581565 11.704700
14 68 89.462305 8.339133 3.247776 20.396078
14 65 91.300705 7.217812 2.631676 55.317267
14 63 93.414985 5.915184 2.231271 16.552945
14 61 65.415889 33.686349 13.484008 37.336309
14 44 54.613265 44.766692 17.822234 48.877398
14 18 95.053938 4.140727 1.587838 42.801869
15 86 62.325363 36.423072 14.790591 103.077641
15 79 89.462305 8.339133 3.247776 51.312766
15 50 56.177188 43.174961 16.874289 29.732137
15 49 85.029811 12.479476 5.169336 23.706539
15 48 60.218943 37.818400 15.409995 40.607881
15 40 95.053938 4.140727 1.587838 52.345009
15 36 61.182503 37.381876 15.200975 42.720019
16 90 74.006755 25.600273 10.194761 21.587033
16 80 55.190921 43.826355 17.207885 26.076810
16 74 55.190921 43.826355 17.207885 29.410882
16 60 91.155518 7.470303 2.678240 54.451814
16 59 63.358694 35.541249 14.545204 37.336309
16 54 61.009621 37.471579 15.248417 22.203603
16 50 59.182371 38.675073 15.581565 5.830952
16 40 99.999615 0.033613 0.117831 54.129474
16 39 93.890871 5.699204 2.144977 28.071338
16 29 78.163652 19.717146 8.022938 17.720045
17 96 81.918835 16.516536 6.464931 43.185646
17 92 88.296132 9.899636 3.880923 34.205263
17 85 64.668814 34.389698 14.091996 36.345564
17 74 69.686511 29.997016 11.981843 6.000000
17 45 63.117444 35.676015 14.586721 29.206164
17 30 73.732914 25.634106 10.208463 31.000000
18 97 88.480508 9.293459 3.515589 13.416408
18 96 51.603925 48.467022 19.257931 12.165525
18 94 64.374954 34.741449 14.224626 14.317821
18 92 58.724286 39.452919 15.732696 52.009614
18 81 69.216255 30.083028 12.009554 10.198039
18 79 77.800566 20.890610 8.166909 24.758837
18 77 67.065371 32.006361 12.867465 26.000000
18 59 91.759681 6.989387 2.512343 32.893768
18 56 57.367672 41.006619 16.387292 25.961510
18 55 57.285949 41.061421 16.459400 14.142136
18 41 54.515124 44.946401 17.910938 43.278170
18 40 70.272759 28.548624 11.516786 36.796739
18 36 60.101827 37.854862 15.422732 45.486262
18 28 54.008779 45.707187 18.245589 67.178866
18 20 51.800087 47.973847 19.186613 77.103826
19 98 52.031756 47.918483 19.138725 35.128336
19 97 73.136463 26.757528 10.626145 16.124515
19 95 64.925865 34.133957 13.826344 28.653098
19 94 73.524415 26.205536 10.233988 8.062258
19 88 96.161030 3.234065 1.277254 6.082763
19 40 79.411450 18.432777 7.711155 22.671568
19 37 77.193512 21.469838 8.484135 44.384682
19 36 89.462305 8.339133 3.247776 31.764760
19 35 64.749213 34.150342 13.924116 43.965896
19 27 62.988011 35.753564 14.630471 42.449971
19 24 61.009621 37.471579 15.248417 28.861739
19 22 77.665779 21.006400 8.277217 20.808652
20 73 69.216255 30.083028 12.009554 45.694639
20 58 79.176397 18.606889 7.789549 104.484449
20 53 65.415889 33.686349 13.484008 17.464249
20 40 73.023394 26.822672 10.730150 40.459857
20 32 89.436726 8.359895 3.254053 24.000000
20 25 58.089123 40.616648 16.201405 43.931765
20 22 66.138397 32.438284 13.004123 68.963759
21 98 64.230940 35.116722 14.400740 24.596748
21 95 77.950666 20.273760 8.094780 23.706539
21 74 61.599528 36.786743 15.071501 23.021729
21 61 67.085714 31.846198 12.857316 27.658633
21 58 58.660350 39.491169 15.814986 25.079872
21 45 54.344376 45.177617 18.095406 13.000000
21 44 59.068991 38.889033 15.597390 20.880613
21 42 64.374954 34.741449 14.224626 21.931712
21 38 94.322816 4.954003 2.045073 74.060786
21 30 81.377718 17.284537 6.737380 9.433981
21 29 93.890871 5.699204 2.144977 34.365681
22 91 93.059609 6.039872 2.249817 49.477268
22 90 63.117444 35.676015 14.586721 9.219544
22 80 93.085605 5.993825 2.244992 13.892444
22 79 61.503114 36.788651 15.077538 24.331050
22 74 55.028746 44.004647 17.272125 31.304952
22 73 62.652634 36.255170 14.737555 42.755117
22 70 88.473993 9.666243 3.749993 56.462377
23 99 93.995412 5.236183 2.089550 2.236068
23 96 82.321444 15.488183 6.284109 53.338541
23 94 53.511599 46.372217 18.528639 52.153619
23 89 70.150391 29.021492 11.661124 48.104054
23 78 99.403913 0.766737 0.386997 46.872167
23 75 66.763722 32.146766 12.947574 34.928498
23 71 57.367672 41.006619 16.387292 33.286634
23 70 58.335619 40.423331 15.955493 62.481997
23 56 80.575467 18.027719 7.243874 39.051248
23 38 61.009621 37.471579 15.248417 39.812058
23 34 99.801472 0.076674 0.159169 42.154478
23 31 82.780542 15.102261 6.112741 28.017851
23 25 56.399772 42.919676 16.760496 31.400637
24 82 95.972832 3.328220 1.404772 73.593478
24 65 91.602146 6.995360 2.548117 39.357337
24 58 83.042361 14.772963 6.045237 65.000000
24 56 83.122915 14.505159 5.876638 50.089919
24 48 85.758059 11.654194 4.609532 14.212670
24 47 54.030735 45.527773 18.232481 20.024984
24 39 80.821850 17.735841 7.179182 1.000000
24 36 54.989078 44.062875 17.331675 22.000000
24 33 78.056963 20.266833 8.085909 19.209373
24 31 99.569444 0.700769 0.372946 36.124784
25 85 76.932327 21.654287 8.537112 35.227830
25 81 95.860760 3.604864 1.407000 25.553865
25 66 58.549425 39.761480 15.909355 24.698178
25 60 50.928360 49.151937 19.566486 7.211103
25 49 67.858568 31.060209 12.392341 29.410882
25 33 68.660283 30.453590 12.168013 31.320920
25 32 62.895103 35.899788 14.656938 30.364453
25 28 82.780542 15.102261 6.112741 33.970576
26 96 58.549425 39.761480 15.909355 46.097722
26 93 55.020365 44.036049 17.319479 6.708204
26 88 77.665779 21.006400 8.277217 52.839379
26 86 60.218943 37.818400 15.409995 46.173586
26 85 55.648683 43.587793 17.102992 35.114100
26 75 62.612362 36.288644 14.759302 60.166436
26 68 80.821850 17.735841 7.179182 23.000000
26 56 92.564029 6.374972 2.319574 47.885280
26 42 69.729117 29.777552 11.928618 11.180340
26 38 74.554693 24.888145 9.871477 56.293872
26 29 54.795013 44.661378 17.677659 50.960769
26 27 63.800152 35.419153 14.509678 16.031220
27 93 78.655078 19.419260 7.959039 10.198039
27 84 50.546215 49.583156 19.651843 15.033296
27 77 54.458677 45.032820 17.932113 5.099020
27 75 61.503114 36.788651 15.077538 45.310043
27 72 97.980702 1.995739 0.844857 27.586228
27 68 80.661982 17.860532 7.236374 7.071068
28 99 68.437342 30.848661 12.323284 28.861739
28 97 67.619596 31.379371 12.593659 64.350602
28 81 99.403913 0.766737 0.386997 58.898217
28 53 69.978480 29.333755 11.795905 13.453624
28 46 64.341038 34.901690 14.316838 21.840330
28 34 73.023394 26.822672 10.730150 69.462220
28 31 91.169160 7.332238 2.661846 10.630146
29 99 74.266351 25.430398 10.038408 85.005882
29 98 63.800152 35.419153 14.509678 13.416408
29 97 99.094810 1.389432 0.538417 49.739320
29 96 51.376421 48.630784 19.333925 33.734256
29 95 58.400404 40.035161 15.915018 28.017851
29 94 76.586589 21.825220 8.583307 34.365681
29 84 78.655078 19.419260 7.959039 51.244512
29 77 68.559199 30.501400 12.225348 54.644304
29 72 72.389691 27.498718 10.868990 58.830264
29 65 99.094810 1.389432 0.538417 69.007246
29 39 94.488983 4.583507 1.737171 38.078866
29 38 87.957975 10.247419 4.029310 78.294317
30 98 82.321444 15.488183 6.284109 34.000000
30 94 97.666070 2.493114 0.997727 57.489129
30 77 62.691768 36.236825 14.707048 41.109610
30 70 80.575467 18.027719 7.243874 56.435804
30 61 69.428506 30.070028 11.990679 32.062439
31 96 68.660283 30.453590 12.168013 47.010637
31 77 76.528058 22.396302 8.649232 77.524190
31 65 71.252563 28.033173 11.155466 21.023796
31 60 81.582542 16.863081 6.547014 16.278821
31 58 82.746717 15.281826 6.133939 84.023806
31 36 99.403913 0.766737 0.386997 14.317821
31 35 54.795013 44.661378 17.677659 45.880279
32 89 70.844613 28.411508 11.315456 37.443290
32 74 96.512354 3.041198 1.146378 91.214034
32 73 58.163952 40.569554 16.030921 25.455844
32 65 65.211909 33.718053 13.515496 19.209373
32 57 87.182715 10.793390 4.353205 8.544004
33 79 78.056963 20.266833 8.085909 35.057096
33 65 51.071703 48.981210 19.506279 40.224371
33 48 83.028853 14.902152 6.045879 24.020824
33 39 54.374662 45.112236 18.029486 19.849433
34 75 55.085410 43.973736 17.212492 7.280110
34 72 92.841115 6.294955 2.307906 21.931712
34 67 79.216238 18.558832 7.714455 63.505905
34 63 88.284602 9.941317 3.884247 6.324555
34 49 81.126312 17.534187 6.986689 72.401657
34 46 79.176397 18.606889 7.789549 48.041649
34 40 67.335728 31.739919 12.777667 47.539457
34 38 62.803281 36.077783 14.672363 3.162278
34 35 50.284195 49.845281 19.823150 22.203603
35 83 50.453015 49.586387 19.741934 14.560220
35 79 67.399915 31.582585 12.664340 40.816663
35 75 66.076446 32.711430 13.023968 15.556349
35 73 67.631502 31.365212 12.576904 24.041631
35 60 64.374954 34.741449 14.224626 40.000000
35 57 81.602429 16.861774 6.545730 27.073973
35 55 70.890797 28.336454 11.279998 66.007575
35 51 72.389691 27.498718 10.868990 89.358827
36 90 52.035980 47.892879 19.094315 30.805844
36 64 66.200162 32.357761 13.003038 24.839485
36 59 74.895456 24.172127 9.459544 15.652476
36 57 85.315726 12.370144 5.002329 28.653098
36 48 64.378069 34.684940 14.183296 14.212670
36 39 89.531377 8.223629 3.194411 23.000000
37 88 58.388137 40.219271 15.952550 47.885280
37 79 88.473993 9.666243 3.749993 42.201896
37 73 61.983295 36.534076 14.992088 26.400758
37 70 89.303407 8.426769 3.298000 42.720019
37 68 87.543970 10.650820 4.221056 50.537115
37 67 54.374662 45.112236 18.029486 75.239617
37 63 56.451702 42.834656 16.759569 22.360680
37 56 58.089123 40.616648 16.201405 26.000000
37 54 77.950666 20.273760 8.094780 66.189123
38 90 95.112358 4.136008 1.521737 65.192024
38 83 77.418869 21.234720 8.361921 30.675723
38 82 69.686511 29.997016 11.981843 15.132746
38 78 59.803102 38.161120 15.511204 12.806248
38 75 94.576656 4.519191 1.676244 5.000000
38 72 96.126656 3.268770 1.315894 19.924859
38 68 58.724286 39.452919 15.732696 34.176015
38 63 75.203479 23.943434 9.389322 9.486833
38 49 74.792108 24.547535 9.523235 69.339743
38 41 85.095167 12.447380 5.106632 18.027756
39 97 61.017350 37.439598 15.240195 45.122057
39 90 79.733405 18.350884 7.627355 9.899495
39 89 88.479465 9.592095 3.648875 25.000000
39 81 61.983295 36.534076 14.992088 28.000000
39 80 62.075599 36.513600 14.892721 4.472136
39 56 85.511287 12.071223 4.823944 50.537115
39 55 63.117444 35.676015 14.586721 43.081318
39 48 57.280169 41.134662 16.522326 15.000000
39 47 54.989078 44.062875 17.331675 19.026298
40 73 77.091779 21.473113 8.526787 13.601471
40 65 94.488983 4.583507 1.737171 12.083046
40 60 93.890871 5.699204 2.144977 4.123106
40 58 79.733405 18.350884 7.627355 64.031242
40 57 83.028853 14.902152 6.045879 23.021729
41 91 87.957975 10.247419 4.029310 44.922155
41 88 81.525597 17.209532 6.678064 52.554733
41 86 62.895103 35.899788 14.656938 1.414214
41 83 70.150391 29.021492 11.661124 48.332184
41 78 75.235389 23.938513 9.357960 18.681542
41 61 56.735597 42.604417 16.718699 38.897301
41 55 81.126312 17.534187 6.986689 52.201533
42 84 90.826504 7.716817 2.699225 12.083046
42 80 71.252563 28.033173 11.155466 74.094534
42 64 73.524415 26.205536 10.233988 94.921020
42 58 74.849226 24.393763 9.513968 17.204651
43 91 67.399915 31.582585 12.664340 6.403124
43 87 58.388137 40.219271 15.952550 55.154329
43 82 54.555953 44.918242 17.867677 22.472205
43 75 84.196949 13.412983 5.605824 19.416488
43 66 99.775278 0.234622 0.162366 42.296572
43 65 51.709674 48.396645 19.216914 16.552945
44 95 54.982580 44.082338 17.366033 5.099020
44 80 62.895103 35.899788 14.656938 45.880279
44 79 56.735597 42.604417 16.718699 42.638011
44 77 82.127692 15.930951 6.346871 23.345235
44 76 65.324232 33.690848 13.487900 52.392748
44 68 82.780542 15.102261 6.112741 30.413813
44 67 58.950245 38.930413 15.612660 8.944272
44 61 73.300591 26.576072 10.496005 13.892444
44 58 90.033359 8.102566 3.033915 16.278821
44 55 67.085714 31.846198 12.857316 7.280110
45 92 95.632392 4.103182 1.493771 56.718604
45 84 74.463150 24.932337 9.943434 16.552945
45 77 86.072383 11.494418 4.550069 25.495098
45 70 67.631502 31.365212 12.576904 40.853396
45 67 88.296132 9.899636 3.880923 2.236068
45 51 68.437342 30.848661 12.323284 14.560220
46 79 67.134502 31.823045 12.838499 25.632011
46 59 68.461491 30.588938 12.314894 30.265492
46 53 56.259666 43.131868 16.832271 20.000000
47 61 81.582542 16.863081 6.547014 58.549125
47 56 96.875824 2.949620 1.129293 60.827625
47 55 74.319288 25.130698 9.989469 39.115214
47 54 62.896579 35.807423 14.635158 16.643317
47 50 58.609101 39.736070 15.876613 5.656854
48 91 77.490630 21.128607 8.332114 33.015148
48 77 75.442174 23.743263 9.161107 56.753854
48 72 68.461491 30.588938 12.314894 41.303753
48 57 89.945295 8.213033 3.153582 36.345564
48 55 93.995412 5.236183 2.089550 41.773197
49 89 66.763722 32.146766 12.947574 25.553865
49 80 67.619596 31.379371 12.593659 6.000000
49 70 93.825500 5.855585 2.186461 71.589105
49 64 67.134502 31.823045 12.838499 15.231546
50 92 65.576510 33.441843 13.246157 13.601471
50 73 92.564029 6.374972 2.319574 59.135438
50 54 98.637400 1.682435 0.585991 16.401219
50 51 75.906542 23.352142 8.999853 46.818800
51 88 72.389691 27.498718 10.868990 53.338541
51 75 82.250862 15.663823 6.284787 78.057671
51 59 79.752817 18.334563 7.531969 63.780875
51 55 89.436726 8.359895 3.254053 24.698178
52 85 55.028746 44.004647 17.272125 40.224371
52 78 58.875839 38.944241 15.628454 19.697716
52 76 79.986469 18.238391 7.442825 7.071068
52 72 64.053530 35.348709 14.435660 12.041595
52 66 94.322816 4.954003 2.045073 39.051248
52 58 93.430800 5.877276 2.217461 41.303753
52 57 70.890797 28.336454 11.279998 49.193496
53 98 95.035381 4.191273 1.608328 88.022724
53 85 65.438513 33.582372 13.318347 71.693793
53 65 66.076446 32.711430 13.023968 26.870058
53 57 68.461491 30.588938 12.314894 16.552945
54 96 68.559199 30.501400 12.225348 14.866069
54 80 61.950124 36.661537 15.014006 13.601471
54 69 93.059609 6.039872 2.249817 28.425341
54 59 59.803102 38.161120 15.511204 20.615528
54 58 74.584864 24.740339 9.814854 48.259714
54 57 54.815296 44.502183 17.623247 58.008620
55 98 95.035381 4.191273 1.608328 14.212670
55 93 68.437342 30.848661 12.323284 31.144823
55 74 74.296191 25.194422 9.992424 23.259407
55 69 81.602429 16.861774 6.545730 24.186773
56 85 97.163923 2.880223 1.116837 31.622777
56 84 69.428506 30.070028 11.990679 47.010637
56 80 75.278608 23.864876 9.185496 48.020829
56 75 50.928360 49.151937 19.566486 17.464249
56 66 91.759681 6.989387 2.512343 27.802878
57 69 89.945295 8.213033 3.153582 46.141088
57 65 63.358694 35.541249 14.545204 12.649111
57 64 97.666070 2.493114 0.997727 53.254108
58 97 50.795833 49.273491 19.630889 31.400637
58 83 87.920187 10.286119 4.098266 70.830784
58 62 75.442174 23.743263 9.161107 3.000000
59 97 67.923039 30.904097 12.369808 37.013511
59 95 51.204701 48.714314 19.493327 43.600459
59 88 76.132584 23.080643 8.773239 15.132746
59 74 58.591107 39.742299 15.900790 51.429563
59 69 80.946714 17.555248 7.000967 30.016662
59 67 71.403673 28.016099 11.126190 56.222771
59 66 86.376675 11.356100 4.507544 22.472205
59 62 50.654548 49.365104 19.646708 63.694584
60 95 86.799914 10.934884 4.389282 54.203321
60 91 86.757472 11.111812 4.426597 23.021729
60 90 62.735902 36.232336 14.687648 33.060551
60 89 74.554693 24.888145 9.871477 24.738634
60 82 85.095167 12.447380 5.106632 51.478151
60 80 56.507337 42.715669 16.738440 28.442925
60 76 74.006755 25.600273 10.194761 50.487622
61 87 80.876963 17.718262 7.057811 5.830952
61 77 78.655078 19.419260 7.959039 10.295630
61 69 62.803281 36.077783 14.672363 29.068884
62 82 62.652634 36.255170 14.737555 67.082039
63 78 72.222623 27.518691 10.892626 5.099020
63 71 71.157859 28.089398 11.164432 30.413813
64 81 72.777236 27.060632 10.769474 44.181444
65 83 96.503388 3.177671 1.261963 13.453624
65 79 66.763722 32.146766 12.947574 21.095023
65 78 83.935364 13.728113 5.748492 48.662100
65 73 76.436211 22.575046 8.722155 6.708204
66 90 50.912605 49.230271 19.591038 22.472205
66 87 85.702367 11.677945 4.763974 27.513633
66 85 51.908247 47.967957 19.149825 10.630146
66 81 65.785279 33.195188 13.139444 1.000000
66 67 67.747394 31.083446 12.448530 35.468296
67 97 68.822484 30.283941 12.123434 36.674242
67 95 76.113949 23.086232 8.781047 12.727922
67 86 50.452802 49.594608 19.752259 57.008771
67 80 76.483710 22.462003 8.673190 52.773099
67 72 51.716899 48.344656 19.208808 43.011626
68 87 54.913872 44.190907 17.382541 18.439089
68 86 84.233251 13.051601 5.535780 23.345235
68 85 56.451702 42.834656 16.759569 34.785054
68 75 95.860760 3.604864 1.407000 38.483763
69 97 61.223645 37.316570 15.200344 7.280110
69 96 94.855119 4.217997 1.620515 13.601471
69 95 66.076446 32.711430 13.023968 25.495098
69 94 50.066741 49.991726 19.869694 14.764823
69 83 83.042361 14.772963 6.045237 39.293765
69 76 71.801625 27.884424 11.031005 33.301652
69 73 61.009621 37.471579 15.248417 28.178006
69 72 60.724522 37.591251 15.291598 15.811388
70 93 65.792374 33.151734 13.090630 26.172505
70 85 54.712301 44.718213 17.684141 38.587563
70 84 58.549425 39.761480 15.909355 31.000000
70 82 82.321444 15.488183 6.284109 40.496913
70 77 96.126656 3.268770 1.315894 15.524175
71 97 74.792108 24.547535 9.523235 16.155494
71 94 81.602429 16.861774 6.545730 27.784888
71 87 54.795013 44.661378 17.677659 36.674242
71 86 97.941242 2.176991 0.957590 34.058773
72 85 56.635970 42.645831 16.726083 28.301943
72 81 67.619596 31.379371 12.593659 27.802878
73 93 65.417546 33.656673 13.343157 65.764732
73 92 81.582542 16.863081 6.547014 72.235725
73 83 99.638861 0.592424 0.360618 13.341664
73 81 97.401880 2.709984 1.050170 33.241540
74 98 62.325363 36.423072 14.790591 10.049876
74 96 60.350127 37.757274 15.345135 37.215588
74 94 65.438513 33.582372 13.318347 38.470768
74 84 70.500167 28.461298 11.416128 42.485292
75 92 84.225294 13.318535 5.559338 91.400219
75 91 64.989818 34.077916 13.637736 24.000000
75 82 75.278608 23.864876 9.185496 12.165525
76 94 59.987714 37.915064 15.448897 47.423623
76 83 50.912605 49.230271 19.591038 34.539832
76 82 64.925865 34.133957 13.826344 18.681542
76 77 64.230940 35.116722 14.400740 35.355339
77 80 97.581423 2.534454 1.016307 60.000000
78 83 76.904416 21.710929 8.556072 39.051248
79 97 61.983295 36.534076 14.992088 24.515301
79 96 55.256972 43.712994 17.159995 16.155494
79 91 65.785279 33.195188 13.139444 25.298221
79 88 62.691768 36.236825 14.707048 8.246211
79 85 67.335728 31.739919 12.777667 26.627054
80 96 51.800087 47.973847 19.186613 22.090722
80 95 62.325363 36.423072 14.790591 40.853396
80 87 61.303431 37.244140 15.179626 50.358713
81 97 88.530869 8.754694 3.449576 18.867962
81 96 88.901376 8.459598 3.400654 2.000000
81 94 91.169160 7.332238 2.661846 4.123106
82 85 51.800087 47.973847 19.186613 61.032778
83 96 97.474795 2.664433 1.032978 46.010868
83 91 64.357681 34.792255 14.275863 7.071068
84 95 57.176712 41.541159 16.680333 26.019224
85 98 60.101827 37.854862 15.422732 20.396078
85 97 61.468369 36.848098 15.125130 19.235384
85 95 58.335619 40.423331 15.955493 12.206556
85 92 83.122915 14.505159 5.876638 46.615448
86 99 82.248563 15.669830 6.298439 59.506302
86 94 91.906206 6.669616 2.456199 54.589376
87 93 62.803281 36.077783 14.672363 17.720045
88 96 64.053530 35.348709 14.435660 8.062258
90 98 54.458677 45.032820 17.932113 31.240999
90 97 73.524415 26.205536 10.233988 40.718546
90 96 70.150391 29.021492 11.661124 20.248457
91 94 61.599528 36.786743 15.071501 38.209946
92 98 94.749904 4.416629 1.673366 34.713110
92 95 58.388137 40.219271 15.952550 48.104054
93 98 86.552530 11.200460 4.439266 42.379240
94 96 74.006755 25.600273 10.194761 2.236068
94 95 63.117444 35.676015 14.586721 25.455844
