Training time: 5.229310429626041 hours
4.2026153
3.6192746
3.182359
2.8402348
2.634041
2.544156
2.5566928
2.4779224
2.4899511
2.456543
2.2627459
2.4546962
2.5166693
2.3063223
2.2135456
2.3759258
2.299635
2.1881566
2.4476297
2.398689
2.3346882
2.1256971
2.1487465
2.5393705
2.2944815
2.2756078
1.998014
1.9616884
2.0313485
2.1637342
2.0531363
2.2506318
2.4056208
2.1954145
2.00642
1.9553057
1.9060699
2.0734968
2.2730336
2.2580974
2.114602
2.0874722
1.9018832
2.0583038
2.240836
2.0087545
1.9500229
1.7731872
1.8374617
1.7054793
1.7702862
1.7808883
1.7749542
1.8941283
1.8605511
1.8955735
1.7524964
1.7696531
1.9232007
1.84188
1.8322527
1.7243664
1.6906796
1.8748529
1.6903677
1.7384431
1.7590246
1.6316711
1.7061317
1.5728546
1.557981
1.662698
1.6191475
1.7092267
1.8701462
1.8387872
1.8734967
1.6970166
1.7381992
1.7835257
1.9146887
1.8375405
1.6737225
1.6731721
1.6511797
1.6762553
1.6580569
1.6785613
1.5541734
1.6039816
1.6192734
1.6062037
1.5890918
1.5942464
1.544084
1.6854403
1.6248555
1.6766675
1.7376195
1.8449705
